../../../project2/depablo/skyhl/dataset_04_18_21
[5000.         2505.60986315 1058.09261742 ...   46.43333333   42.85
   39.595     ]
[[1.         1.00614227 0.98479092 ... 1.01220388 0.88681447 0.80818285]
 [1.00614227 1.         0.99177451 ... 1.17133264 1.01220388 1.00350058]
 [0.98479092 0.99177451 1.         ... 0.93887718 1.00976952 1.03374013]
 ...
 [1.01220388 1.17133264 0.93887718 ... 1.         0.96703004 0.87515968]
 [0.88681447 1.01220388 1.00976952 ... 0.96703004 1.         0.94428108]
 [0.80818285 1.00350058 1.03374013 ... 0.87515968 0.94428108 1.        ]]
[[1.         1.02889122 0.90634788 ... 0.96913137 1.00350058 1.08599571]
 [1.02889122 1.         0.9817969  ... 1.21172342 1.33524767 1.21353559]
 [0.90634788 0.9817969  1.         ... 1.22628856 1.2723096  1.1844939 ]
 ...
 [0.96913137 1.21172342 1.22628856 ... 1.         0.98459063 0.90256749]
 [1.00350058 1.33524767 1.2723096  ... 0.98459063 1.         0.98698526]
 [1.08599571 1.21353559 1.1844939  ... 0.90256749 0.98698526 1.        ]]
[[1.         1.03288227 0.94698704 ... 1.33524767 1.4235706  1.11125142]
 [1.03288227 1.         0.93869362 ... 1.21172342 1.16295765 1.23687281]
 [0.94698704 0.93869362 1.         ... 0.95803794 0.76742484 0.96913137]
 ...
 [1.33524767 1.21172342 0.95803794 ... 1.         0.9905772  0.98384582]
 [1.4235706  1.16295765 0.76742484 ... 0.9905772  1.         1.01532167]
 [1.11125142 1.23687281 0.96913137 ... 0.98384582 1.01532167 1.        ]]
[[1.         1.00494496 0.9006773  ... 0.94759512 0.98016336 1.03548428]
 [1.00494496 1.         0.95106586 ... 0.8482064  0.92605887 1.00350058]
 [0.9006773  0.95106586 1.         ... 0.99635946 1.11074647 1.20603015]
 ...
 [0.94759512 0.8482064  0.99635946 ... 1.         0.94507929 0.89406162]
 [0.98016336 0.92605887 1.11074647 ... 0.94507929 1.         0.98658615]
 [1.03548428 1.00350058 1.20603015 ... 0.89406162 0.98658615 1.        ]]
[[1.         0.98937989 0.93564588 ... 1.09834889 0.95682614 1.01022856]
 [0.98937989 1.         0.98578795 ... 1.13094186 0.88298636 0.84014002]
 [0.93564588 0.98578795 1.         ... 0.95803794 0.98957413 1.01220388]
 ...
 [1.09834889 1.13094186 0.95803794 ... 1.         0.98339332 0.90729298]
 [0.95682614 0.88298636 0.98957413 ... 0.98339332 1.         0.96104347]
 [1.01022856 0.84014002 1.01220388 ... 0.90729298 0.96104347 1.        ]]
[[1.         1.0173172  1.02543008 ... 0.88298636 1.02683781 1.06073999]
 [1.0173172  1.         1.01691809 ... 1.17133264 1.01220388 0.95682614]
 [1.02543008 1.01691809 1.         ... 1.24544932 0.96937874 0.86145011]
 ...
 [0.88298636 1.17133264 1.24544932 ... 1.         0.9542587  0.9016224 ]
 [1.02683781 1.01220388 0.96937874 ... 0.9542587  1.         0.97062198]
 [1.06073999 0.95682614 0.86145011 ... 0.9016224  0.97062198 1.        ]]
[[1.         1.00773869 0.9006773  ... 0.73223259 1.02683781 1.13650713]
 [1.00773869 1.         0.92951422 ... 0.68664327 0.96913137 1.07351225]
 [0.9006773  0.92951422 1.         ... 0.6514658  0.78762023 0.79684135]
 ...
 [0.73223259 0.68664327 0.6514658  ... 1.         0.9726175  0.84964207]
 [1.02683781 0.96913137 0.78762023 ... 0.9726175  1.         0.93190885]
 [1.13650713 1.07351225 0.79684135 ... 0.84964207 0.93190885 1.        ]]
[[1.         0.97341571 0.9309204  ... 1.14142139 1.14352392 1.01022856]
 [0.97341571 1.         0.98977899 ... 0.92898796 0.88298636 0.91015169]
 [0.9309204  0.98977899 1.         ... 0.90055566 0.96937874 1.07681263]
 ...
 [1.14142139 0.92898796 0.90055566 ... 1.         0.97142019 0.91201846]
 [1.14352392 0.88298636 0.96937874 ... 0.97142019 1.         0.98658615]
 [1.01022856 0.91015169 1.07681263 ... 0.91201846 0.98658615 1.        ]]
[[1.         1.0085369  0.98573601 ... 0.92605887 1.00350058 1.08599571]
 [1.0085369  1.         0.97740675 ... 0.96937874 0.8183776  0.91015169]
 [0.98573601 0.97740675 1.         ... 1.01552021 0.78762023 0.88298636]
 ...
 [0.92605887 0.96937874 1.01552021 ... 1.         0.95106586 0.84775187]
 [1.00350058 0.8183776  0.78762023 ... 0.95106586 1.         0.94667571]
 [1.08599571 0.91015169 0.88298636 ... 0.84775187 0.94667571 1.        ]]
[[1.         0.91474736 0.86192833 ... 1.09834889 1.23687281 1.16176285]
 [0.91474736 1.         0.97780586 ... 1.23191881 1.35678392 1.19019837]
 [0.86192833 0.97780586 1.         ... 1.11132401 1.19152803 1.1844939 ]
 ...
 [1.09834889 1.23191881 1.11132401 ... 1.         0.96942466 0.83735581]
 [1.23687281 1.35678392 1.19152803 ... 0.96942466 1.         0.95824974]
 [1.16176285 1.19019837 1.1844939  ... 0.83735581 0.95824974 1.        ]]
[[1.         0.94388198 0.90918317 ... 0.99066762 0.77012835 0.88394999]
 [0.94388198 1.         1.00813779 ... 1.00976952 0.75376884 0.72345391]
 [0.90918317 1.00813779 1.         ... 0.90055566 0.70683866 0.62455133]
 ...
 [0.99066762 1.00976952 0.90055566 ... 1.         0.98339332 0.89122633]
 [0.77012835 0.75376884 0.70683866 ... 0.98339332 1.         0.95745153]
 [0.88394999 0.72345391 0.62455133 ... 0.89122633 0.95745153 1.        ]]
[[1.         0.98259511 0.8694891  ... 1.07681263 0.95682614 1.11125142]
 [0.98259511 1.         0.92871601 ... 1.13094186 0.92605887 0.98016336]
 [0.8694891  0.92871601 1.         ... 1.16880628 0.82801101 0.73223259]
 ...
 [1.07681263 1.13094186 1.16880628 ... 1.         0.96742914 0.95265763]
 [0.95682614 0.92605887 0.82801101 ... 0.96742914 1.         1.00255033]
 [1.11125142 0.98016336 0.73223259 ... 0.95265763 1.00255033 1.        ]]
[[1.         0.9993575  0.91863414 ... 1.03374013 1.07351225 0.80818285]
 [0.9993575  1.         0.9722184  ... 1.15113725 1.24910266 0.91015169]
 [0.91863414 0.9722184  1.         ... 1.32209235 1.31270038 1.27063891]
 ...
 [1.03374013 1.15113725 1.32209235 ... 1.         0.97421392 0.90918317]
 [1.07351225 1.24910266 1.31270038 ... 0.97421392 1.         0.95226317]
 [0.80818285 0.91015169 1.27063891 ... 0.90918317 0.95226317 1.        ]]
[[1.         0.97940227 0.87232439 ... 1.03374013 1.05017503 0.80818285]
 [0.97940227 1.         0.95146496 ... 1.13094186 1.24910266 1.09684947]
 [0.87232439 0.95146496 1.         ... 1.18796704 1.15113725 0.99066762]
 ...
 [1.03374013 1.13094186 1.18796704 ... 1.         0.98778347 0.92714001]
 [1.05017503 1.24910266 1.15113725 ... 0.98778347 1.         0.96024526]
 [0.80818285 1.09684947 0.99066762 ... 0.92714001 0.96024526 1.        ]]
[[1.         0.95306138 0.93942627 ... 1.07681263 1.07351225 1.01022856]
 [0.95306138 1.         0.97421392 ... 0.96937874 0.90452261 0.84014002]
 [0.93942627 0.97421392 1.         ... 1.24544932 1.11074647 0.92605887]
 ...
 [1.07681263 0.96937874 1.24544932 ... 1.         1.04605271 1.00369285]
 [1.07351225 0.90452261 1.11074647 ... 1.04605271 1.         0.99616466]
 [1.01022856 0.84014002 0.92605887 ... 1.00369285 0.99616466 1.        ]]
[[1.         0.95106586 0.80144213 ... 0.94759512 0.98016336 1.01022856]
 [0.95106586 1.         0.95545601 ... 1.07035569 1.11988514 0.8168028 ]
 [0.80144213 0.95545601 1.         ... 0.86223414 0.94918335 0.83991385]
 ...
 [0.94759512 1.07035569 0.86223414 ... 1.         0.96942466 0.87515968]
 [0.98016336 1.11988514 0.94918335 ... 0.96942466 1.         0.96862646]
 [1.01022856 0.8168028  0.83991385 ... 0.87515968 0.96862646 1.        ]]
[[1.         1.00933511 0.97250466 ... 0.88298636 1.19019837 0.80818285]
 [1.00933511 1.         1.00614227 ... 0.88859718 1.09834889 0.77012835]
 [0.97250466 1.00614227 1.         ... 0.95803794 0.96937874 0.90452261]
 ...
 [0.88298636 0.88859718 0.95803794 ... 1.         0.95186407 0.86570871]
 [1.19019837 1.09834889 0.96937874 ... 0.95186407 1.         0.98498974]
 [0.80818285 0.77012835 0.90452261 ... 0.86570871 0.98498974 1.        ]]
[[1.         0.99736197 1.01408892 ... 1.44292893 1.40023337 1.26278571]
 [0.99736197 1.         1.0181154  ... 1.17133264 1.37832017 1.09684947]
 [1.01408892 1.0181154  1.         ... 1.34125311 1.53484967 1.2275664 ]
 ...
 [1.44292893 1.17133264 1.34125311 ... 1.         0.95545601 0.88650085]
 [1.40023337 1.37832017 1.53484967 ... 0.95545601 1.         0.96663093]
 [1.26278571 1.09684947 1.2275664  ... 0.88650085 0.96663093 1.        ]]
[[1.         0.90556796 0.87704988 ... 0.58147882 0.70011669 0.80818285]
 [0.90556796 1.         1.00933511 ... 0.96937874 0.94759512 0.95682614]
 [0.87704988 1.00933511 1.         ... 0.91971642 0.80781562 0.75376884]
 ...
 [0.58147882 0.96937874 0.91971642 ... 1.         1.02450108 0.93375569]
 [0.70011669 0.94759512 0.80781562 ... 1.02450108 1.         0.97541123]
 [0.80818285 0.95682614 0.75376884 ... 0.93375569 0.97541123 1.        ]]
[[1.         0.97620944 0.91579885 ... 1.11988514 1.1201867  0.83343857]
 [0.97620944 1.         0.98538884 ... 1.21172342 1.14142139 0.88681447]
 [0.91579885 0.98538884 1.         ... 1.28377084 1.21172342 1.01220388]
 ...
 [1.11988514 1.21172342 1.28377084 ... 1.         0.97181929 0.8713793 ]
 [1.1201867  1.14142139 1.21172342 ... 0.97181929 1.         0.95385959]
 [0.83343857 0.88681447 1.01220388 ... 0.8713793  0.95385959 1.        ]]
[[1.         0.9275187  0.83830091 ... 1.35678392 1.23687281 1.21227428]
 [0.9275187  1.         0.96902556 ... 1.21172342 1.29217516 1.28354726]
 [0.83830091 0.96902556 1.         ... 1.16880628 1.17133264 1.03374013]
 ...
 [1.35678392 1.21172342 1.16880628 ... 1.         1.00175212 0.9290302 ]
 [1.23687281 1.29217516 1.17133264 ... 1.00175212 1.         0.94268467]
 [1.21227428 1.28354726 1.03374013 ... 0.9290302  0.94268467 1.        ]]
[[1.         0.93989094 0.8987871  ... 0.7753051  1.09684947 0.88394999]
 [0.93989094 1.         0.98459063 ... 0.64625249 0.99066762 0.91015169]
 [0.8987871  0.98459063 1.         ... 0.70894807 0.98957413 1.03374013]
 ...
 [0.7753051  0.64625249 0.70894807 ... 1.         0.96982377 0.92619491]
 [1.09684947 0.99066762 0.98957413 ... 0.96982377 1.         0.98498974]
 [0.88394999 0.91015169 1.03374013 ... 0.92619491 0.98498974 1.        ]]
[[1.         0.94707482 0.78632058 ... 0.86145011 0.74679113 0.75767142]
 [0.94707482 1.         0.95585511 ... 0.70683866 0.8183776  0.79346558]
 [0.78632058 0.95585511 1.         ... 0.80475187 1.0501603  1.01220388]
 ...
 [0.86145011 0.70683866 0.80475187 ... 1.         0.99137541 0.97533995]
 [0.74679113 0.8183776  1.0501603  ... 0.99137541 1.         0.9730166 ]
 [0.75767142 0.79346558 1.01220388 ... 0.97533995 0.9730166  1.        ]]
[[1.         0.97660854 0.94982233 ... 0.88298636 0.72345391 0.78292714]
 [0.97660854 1.         0.97980138 ... 1.02996491 0.73223259 0.84014002]
 [0.94982233 0.97980138 1.         ... 0.84307339 0.72703405 0.8183776 ]
 ...
 [0.88298636 1.02996491 0.84307339 ... 1.         0.96064437 0.85058717]
 [0.72345391 0.73223259 0.72703405 ... 0.96064437 1.         0.9634381 ]
 [0.78292714 0.84014002 0.8183776  ... 0.85058717 0.9634381  1.        ]]
[[1.         0.88681005 0.78915587 ... 1.03374013 1.1201867  0.90920571]
 [0.88681005 1.         0.95545601 ... 1.11074647 1.16295765 1.16686114]
 [0.78915587 0.95545601 1.         ... 1.09216325 1.11074647 0.92605887]
 ...
 [1.03374013 1.11074647 1.09216325 ... 1.         0.9813978  0.87704988]
 [1.1201867  1.16295765 1.11074647 ... 0.9813978  1.         0.95585511]
 [0.90920571 1.16686114 0.92605887 ... 0.87704988 0.95585511 1.        ]]
[[1.         0.9638372  0.82223426 ... 0.7753051  0.88681447 0.80818285]
 [0.9638372  1.         0.95385959 ... 0.90879257 0.88298636 0.93348891]
 [0.82223426 0.95385959 1.         ... 1.13048477 0.68664327 0.7753051 ]
 ...
 [0.7753051  0.90879257 1.13048477 ... 1.         0.96583272 0.91957924]
 [0.88681447 0.88298636 0.68664327 ... 0.96583272 1.         0.97820496]
 [0.80818285 0.93348891 0.7753051  ... 0.91957924 0.97820496 1.        ]]
[[1.         0.92113303 0.77592451 ... 0.8183776  1.02683781 0.88394999]
 [0.92113303 1.         0.9279178  ... 0.74722944 0.86145011 0.79346558]
 [0.77592451 0.9279178  1.         ... 0.93887718 0.96937874 0.90452261]
 ...
 [0.8183776  0.74722944 0.93887718 ... 1.         0.9817969  0.88933614]
 [1.02683781 0.86145011 0.96937874 ... 0.9817969  1.         0.96064437]
 [0.88394999 0.79346558 0.90452261 ... 0.88933614 0.96064437 1.        ]]
[[1.         0.99177451 0.92524982 ... 0.99066762 0.98016336 1.03548428]
 [0.99177451 1.         1.00135302 ... 1.11074647 1.07681263 1.07351225]
 [0.92524982 1.00135302 1.         ... 1.3029316  1.2521142  1.11988514]
 ...
 [0.99066762 1.11074647 1.3029316  ... 1.         0.97780586 0.93186549]
 [0.98016336 1.07681263 1.2521142  ... 0.97780586 1.         0.97022287]
 [1.03548428 1.07351225 1.11988514 ... 0.93186549 0.97022287 1.        ]]
[[1.         0.99177451 0.93753608 ... 1.05527638 1.05017503 1.38906428]
 [0.99177451 1.         0.96583272 ... 0.8482064  0.96913137 1.07351225]
 [0.93753608 0.96583272 1.         ... 1.2071278  1.17133264 1.05527638]
 ...
 [1.05527638 0.8482064  1.2071278  ... 1.         0.9730166  0.91579885]
 [1.05017503 0.96913137 1.17133264 ... 0.9730166  1.         0.97740675]
 [1.38906428 1.07351225 1.05527638 ... 0.91579885 0.97740675 1.        ]]
[[1.         1.03487779 0.98101053 ... 0.90452261 0.98016336 1.06073999]
 [1.03487779 1.         0.98219601 ... 1.15113725 1.16295765 1.05017503]
 [0.98101053 0.98219601 1.         ... 1.07300249 1.07035569 0.92605887]
 ...
 [0.90452261 1.15113725 1.07300249 ... 1.         0.97102108 0.85058717]
 [0.98016336 1.16295765 1.07035569 ... 0.97102108 1.         0.96263989]
 [1.06073999 1.05017503 0.92605887 ... 0.85058717 0.96263989 1.        ]]
[[1.         0.97780586 0.94037137 ... 0.86145011 0.93348891 0.88394999]
 [0.97780586 1.         0.98459063 ... 0.96937874 0.88298636 0.95682614]
 [0.94037137 0.98459063 1.         ... 0.91971642 1.0501603  1.03374013]
 ...
 [0.86145011 0.96937874 0.91971642 ... 1.         1.02769391 0.97155956]
 [0.93348891 0.88298636 1.0501603  ... 1.02769391 1.         0.98299421]
 [0.88394999 0.95682614 1.03374013 ... 0.97155956 0.98299421 1.        ]]
[[1.         0.9905772  0.96399879 ... 1.2275664  1.00350058 1.01022856]
 [0.9905772  1.         1.01891361 ... 1.07035569 0.90452261 0.86347725]
 [0.96399879 1.01891361 1.         ... 0.95803794 0.8482064  1.05527638]
 ...
 [1.2275664  1.07035569 0.95803794 ... 1.         0.97142019 0.8997322 ]
 [1.00350058 0.90452261 0.8482064  ... 0.97142019 1.         0.96583272]
 [1.01022856 0.86347725 1.05527638 ... 0.8997322  0.96583272 1.        ]]
[[1.         0.98059959 0.85342246 ... 0.68916009 1.09684947 1.08599571]
 [0.98059959 1.         0.9542587  ... 0.90879257 1.01220388 1.1201867 ]
 [0.85342246 0.9542587  1.         ... 1.05384173 1.0501603  1.14142139]
 ...
 [0.68916009 0.90879257 1.05384173 ... 1.         0.97461302 0.9016224 ]
 [1.09684947 1.01220388 1.0501603  ... 0.97461302 1.         0.95545601]
 [1.08599571 1.1201867  1.14142139 ... 0.9016224  0.95545601 1.        ]]
[[1.         0.96144258 0.89028123 ... 0.94759512 1.14352392 1.08599571]
 [0.96144258 1.         0.94228556 ... 1.09055108 1.07681263 1.19019837]
 [0.89028123 0.94228556 1.         ... 1.34125311 1.39348194 1.20603015]
 ...
 [0.94759512 1.09055108 1.34125311 ... 1.         0.97700765 0.9309204 ]
 [1.14352392 1.07681263 1.39348194 ... 0.97700765 1.         1.00095391]
 [1.08599571 1.19019837 1.20603015 ... 0.9309204  1.00095391 1.        ]]
[[1.         0.91235273 0.79293626 ... 0.90452261 1.05017503 0.93446142]
 [0.91235273 1.         0.95625422 ... 1.07035569 1.14142139 0.95682614]
 [0.79293626 0.95625422 1.         ... 0.95803794 0.98957413 0.92605887]
 ...
 [0.90452261 1.07035569 0.95803794 ... 1.         0.95026765 0.8704342 ]
 [1.05017503 1.14142139 0.98957413 ... 0.95026765 1.         0.96543362]
 [0.93446142 0.95682614 0.92605887 ... 0.8704342  0.96543362 1.        ]]
[[1.         1.01452346 0.90918317 ... 0.92605887 0.84014002 1.16176285]
 [1.01452346 1.         0.96583272 ... 1.0501603  0.96913137 0.95682614]
 [0.90918317 0.96583272 1.         ... 1.01552021 1.02996491 0.94759512]
 ...
 [0.92605887 1.0501603  1.01552021 ... 1.         1.00055481 0.9592733 ]
 [0.84014002 0.96913137 1.02996491 ... 1.00055481 1.         0.98099869]
 [1.16176285 0.95682614 0.94759512 ... 0.9592733  0.98099869 1.        ]]
[[1.         0.96024526 0.86570871 ... 0.99066762 0.88681447 0.85869428]
 [0.96024526 1.         1.00334854 ... 0.96937874 0.7753051  0.77012835]
 [0.86570871 1.00334854 1.         ... 0.8813949  0.78762023 0.71069634]
 ...
 [0.99066762 0.96937874 0.8813949  ... 1.         0.96583272 0.88933614]
 [0.88681447 0.7753051  0.78762023 ... 0.96583272 1.         0.96184168]
 [0.85869428 0.77012835 0.71069634 ... 0.88933614 0.96184168 1.        ]]
[[1.         0.93550079 0.80427742 ... 1.03374013 0.98016336 1.28804142]
 [0.93550079 1.         0.96144258 ... 1.11074647 1.11988514 1.40023337]
 [0.80427742 0.96144258 1.         ... 0.9771987  1.02996491 1.1844939 ]
 ...
 [1.03374013 1.11074647 0.9771987  ... 1.         0.95665332 0.89500672]
 [0.98016336 1.11988514 1.02996491 ... 0.95665332 1.         0.95745153]
 [1.28804142 1.40023337 1.1844939  ... 0.89500672 0.95745153 1.        ]]
[[1.         0.94428108 0.81845387 ... 0.71069634 0.49008168 0.68190428]
 [0.94428108 1.         0.95306138 ... 0.82801101 0.60301508 0.84014002]
 [0.81845387 0.95306138 1.         ... 0.80475187 0.80781562 0.73223259]
 ...
 [0.71069634 0.82801101 0.80475187 ... 1.         0.98738436 0.94887724]
 [0.49008168 0.60301508 0.80781562 ... 0.98738436 1.         0.97142019]
 [0.68190428 0.84014002 0.73223259 ... 0.94887724 0.97142019 1.        ]]
[[1.         1.01971182 0.97533995 ... 0.66762383 0.74679113 0.83343857]
 [1.01971182 1.         0.99017809 ... 0.96937874 0.88298636 1.00350058]
 [0.97533995 0.99017809 1.         ... 1.22628856 1.0501603  0.94759512]
 ...
 [0.66762383 0.96937874 1.22628856 ... 1.         1.02490018 1.03488105]
 [0.74679113 0.88298636 1.0501603  ... 1.02490018 1.         1.01971182]
 [0.83343857 1.00350058 0.94759512 ... 1.03488105 1.01971182 1.        ]]
[[1.         0.98618705 0.91390865 ... 0.99066762 1.19019837 1.03548428]
 [0.98618705 1.         0.97980138 ... 1.11074647 1.20603015 1.02683781]
 [0.91390865 0.97980138 1.         ... 1.24544932 1.19152803 1.01220388]
 ...
 [0.99066762 1.11074647 1.24544932 ... 1.         1.02609749 1.00747324]
 [1.19019837 1.20603015 1.19152803 ... 1.02609749 1.         0.9993575 ]
 [1.03548428 1.02683781 1.01220388 ... 1.00747324 0.9993575  1.        ]]
[[1.         0.88800736 0.82790484 ... 0.51687006 0.60676779 0.53037   ]
 [0.88800736 1.         0.95545601 ... 0.40390781 0.60301508 0.79346558]
 [0.82790484 0.95545601 1.         ... 0.44069745 0.68664327 0.73223259]
 ...
 [0.51687006 0.40390781 0.44069745 ... 1.         0.98259511 0.94793214]
 [0.60676779 0.60301508 0.68664327 ... 0.98259511 1.         1.00175212]
 [0.53037    0.79346558 0.73223259 ... 0.94793214 1.00175212 1.        ]]
[[1.         0.91594467 0.94037137 ... 0.99066762 1.05017503 0.95971714]
 [0.91594467 1.         1.01133063 ... 0.94918335 0.7753051  0.95682614]
 [0.94037137 1.01133063 1.         ... 0.84307339 0.76742484 0.79684135]
 ...
 [0.99066762 0.94918335 0.84307339 ... 1.         0.98259511 0.89311652]
 [1.05017503 0.7753051  0.76742484 ... 0.98259511 1.         0.95385959]
 [0.95971714 0.95682614 0.79684135 ... 0.89311652 0.95385959 1.        ]]
[[1.         0.97381481 0.89028123 ... 0.66762383 0.74679113 0.90920571]
 [0.97381481 1.         0.93789541 ... 0.66644788 0.79684135 0.77012835]
 [0.89028123 0.93789541 1.         ... 0.8813949  0.8482064  0.83991385]
 ...
 [0.66762383 0.66644788 0.8813949  ... 1.         0.97341571 0.93564588]
 [0.74679113 0.79684135 0.8482064  ... 0.97341571 1.         0.98618705]
 [0.90920571 0.77012835 0.83991385 ... 0.93564588 0.98618705 1.        ]]
[[1.         0.96703004 0.91863414 ... 0.88298636 0.95682614 1.06073999]
 [0.96703004 1.         0.96623183 ... 1.00976952 1.03374013 1.09684947]
 [0.91863414 0.96623183 1.         ... 1.09216325 0.88859718 0.88298636]
 ...
 [0.88298636 1.00976952 1.09216325 ... 1.         0.96263989 0.8713793 ]
 [0.95682614 1.03374013 0.88859718 ... 0.96263989 1.         0.97700765]
 [1.06073999 1.09684947 0.88298636 ... 0.8713793  0.97700765 1.        ]]
[[1.         0.96623183 0.90256749 ... 0.8183776  0.58343057 0.70715999]
 [0.96623183 1.         0.95146496 ... 0.86840179 0.83991385 0.84014002]
 [0.90256749 0.95146496 1.         ... 0.76643035 0.76742484 0.88298636]
 ...
 [0.8183776  0.86840179 0.76643035 ... 1.         0.94787302 0.89595181]
 [0.58343057 0.83991385 0.76742484 ... 0.94787302 1.         0.97501213]
 [0.70715999 0.84014002 0.88298636 ... 0.89595181 0.97501213 1.        ]]
[[1.         0.96623183 0.90351259 ... 1.20603015 1.09684947 1.08599571]
 [0.96623183 1.         0.97142019 ... 1.09055108 1.27063891 1.1201867 ]
 [0.90351259 0.97142019 1.         ... 0.84307339 1.15113725 1.05527638]
 ...
 [1.20603015 1.09055108 0.84307339 ... 1.         0.9726175  0.82790484]
 [1.09684947 1.27063891 1.15113725 ... 0.9726175  1.         0.94268467]
 [1.08599571 1.1201867  1.05527638 ... 0.82790484 0.94268467 1.        ]]
[[1.         0.9730166  0.94226156 ... 0.99066762 1.07351225 0.80818285]
 [0.9730166  1.         1.01412436 ... 0.80781562 0.92605887 0.88681447]
 [0.94226156 1.01412436 1.         ... 1.11132401 0.94918335 1.03374013]
 ...
 [0.99066762 0.80781562 1.11132401 ... 1.         0.97102108 0.9016224 ]
 [1.07351225 0.92605887 0.94918335 ... 0.97102108 1.         0.96503452]
 [0.80818285 0.88681447 1.03374013 ... 0.9016224  0.96503452 1.        ]]
[[1.         0.94907034 0.86192833 ... 1.33524767 1.3302217  0.83343857]
 [0.94907034 1.         0.92432586 ... 1.37328655 1.50753769 1.4235706 ]
 [0.86192833 0.92432586 1.         ... 1.32209235 1.0501603  0.92605887]
 ...
 [1.33524767 1.37328655 1.32209235 ... 1.         1.01053242 0.96872427]
 [1.3302217  1.50753769 1.0501603  ... 1.01053242 1.         1.00015571]
 [0.83343857 1.4235706  0.92605887 ... 0.96872427 1.00015571 1.        ]]
[[1.         0.87683244 0.81372839 ... 0.71069634 0.70011669 0.90920571]
 [0.87683244 1.         1.00175212 ... 0.80781562 0.66762383 0.98016336]
 [0.81372839 1.00175212 1.         ... 1.03468097 0.90879257 1.31371141]
 ...
 [0.71069634 0.80781562 1.03468097 ... 1.         0.97700765 0.92241453]
 [0.70011669 0.66762383 0.90879257 ... 0.97700765 1.         0.97102108]
 [0.90920571 0.98016336 1.31371141 ... 0.92241453 0.97102108 1.        ]]
[[1.         0.88960378 0.6889756  ... 0.8183776  0.72345391 0.78292714]
 [0.88960378 1.         0.91993571 ... 0.72703405 0.66762383 0.72345391]
 [0.6889756  0.91993571 1.         ... 0.91971642 0.78762023 0.71069634]
 ...
 [0.8183776  0.72703405 0.91971642 ... 1.         0.99297183 0.90823807]
 [0.72345391 0.66762383 0.78762023 ... 0.99297183 1.         0.96583272]
 [0.78292714 0.72345391 0.71069634 ... 0.90823807 0.96583272 1.        ]]
[[1.         0.96064437 0.86098323 ... 0.62455133 0.49008168 0.63139285]
 [0.96064437 1.         0.94068915 ... 0.86840179 0.75376884 0.79346558]
 [0.86098323 0.94068915 1.         ... 0.91971642 0.78762023 0.83991385]
 ...
 [0.62455133 0.86840179 0.91971642 ... 1.         0.97860407 0.93659098]
 [0.49008168 0.75376884 0.78762023 ... 0.97860407 1.         0.95944705]
 [0.63139285 0.79346558 0.83991385 ... 0.93659098 0.95944705 1.        ]]
[[1.         0.93031243 0.88555575 ... 0.94759512 0.79346558 0.85869428]
 [0.93031243 1.         0.96663093 ... 0.66644788 0.7753051  1.09684947]
 [0.88555575 0.96663093 1.         ... 0.8813949  0.98957413 1.03374013]
 ...
 [0.94759512 0.66644788 0.8813949  ... 1.         0.96623183 0.88555575]
 [0.79346558 0.7753051  0.98957413 ... 0.96623183 1.         0.96423631]
 [0.85869428 1.09684947 1.03374013 ... 0.88555575 0.96423631 1.        ]]
[[1.         0.92472497 0.92714001 ... 0.8183776  1.02683781 0.80818285]
 [0.92472497 1.         1.00773869 ... 0.92898796 0.94759512 0.70011669]
 [0.92714001 1.00773869 1.         ... 0.99635946 0.86840179 0.73223259]
 ...
 [0.8183776  0.92898796 0.99635946 ... 1.         0.9638372  0.93375569]
 [1.02683781 0.94759512 0.86840179 ... 0.9638372  1.         0.97940227]
 [0.80818285 0.70011669 0.73223259 ... 0.93375569 0.97940227 1.        ]]
[[1.         0.97820496 0.86192833 ... 0.94759512 1.07351225 1.03548428]
 [0.97820496 1.         0.94068915 ... 1.11074647 1.16295765 1.00350058]
 [0.86192833 0.94068915 1.         ... 1.07300249 1.0501603  1.11988514]
 ...
 [0.94759512 1.11074647 1.07300249 ... 1.         0.95984616 0.8987871 ]
 [1.07351225 1.16295765 1.0501603  ... 0.95984616 1.         0.97660854]
 [1.03548428 1.00350058 1.11988514 ... 0.8987871  0.97660854 1.        ]]
[[1.         1.03886884 0.98195563 ... 1.27063891 1.23687281 1.06073999]
 [1.03886884 1.         0.97860407 ... 0.92898796 0.99066762 0.86347725]
 [0.98195563 0.97860407 1.         ... 0.91971642 1.15113725 0.73223259]
 ...
 [1.27063891 0.92898796 0.91971642 ... 1.         0.98578795 0.87515968]
 [1.23687281 0.99066762 1.15113725 ... 0.98578795 1.         0.96623183]
 [1.06073999 0.86347725 0.73223259 ... 0.87515968 0.96623183 1.        ]]
[[1.         0.95545601 0.91107336 ... 0.8183776  0.88681447 0.93446142]
 [0.95545601 1.         0.99416914 ... 0.68664327 0.73223259 0.8168028 ]
 [0.91107336 0.99416914 1.         ... 0.93887718 0.8482064  0.88298636]
 ...
 [0.8183776  0.68664327 0.93887718 ... 1.         0.98618705 0.86003813]
 [0.88681447 0.73223259 0.8482064  ... 0.98618705 1.         0.95585511]
 [0.93446142 0.8168028  0.88298636 ... 0.86003813 0.95585511 1.        ]]
[[1.         0.99816018 0.94131646 ... 0.58147882 0.74679113 0.73241571]
 [0.99816018 1.         0.96623183 ... 0.64625249 0.73223259 0.86347725]
 [0.94131646 0.96623183 1.         ... 0.86223414 0.8482064  0.75376884]
 ...
 [0.58147882 0.64625249 0.86223414 ... 1.         0.97581034 0.92052433]
 [0.74679113 0.73223259 0.8482064  ... 0.97581034 1.         0.95226317]
 [0.73241571 0.86347725 0.75376884 ... 0.92052433 0.95226317 1.        ]]
[[1.         1.05044286 0.99424189 ... 0.99066762 1.07351225 1.08599571]
 [1.05044286 1.         0.98977899 ... 1.07035569 1.11988514 1.05017503]
 [0.99424189 0.98977899 1.         ... 0.95803794 0.94918335 0.99066762]
 ...
 [0.99066762 1.07035569 0.95803794 ... 1.         0.96423631 0.9016224 ]
 [1.07351225 1.11988514 0.94918335 ... 0.96423631 1.         0.95705243]
 [1.08599571 1.05017503 0.99066762 ... 0.9016224  0.95705243 1.        ]]
[[1.         0.94108825 0.83830091 ... 0.73223259 0.98016336 1.18701856]
 [0.94108825 1.         0.96303899 ... 0.8482064  0.94759512 0.98016336]
 [0.83830091 0.96303899 1.         ... 1.03468097 1.11074647 1.16295765]
 ...
 [0.73223259 0.8482064  1.03468097 ... 1.         0.9458775  0.91768904]
 [0.98016336 0.94759512 1.11074647 ... 0.9458775  1.         0.99416914]
 [1.18701856 0.98016336 1.16295765 ... 0.91768904 0.99416914 1.        ]]
[[1.         0.9279178  0.85058717 ... 1.01220388 0.8168028  0.90920571]
 [0.9279178  1.         0.99855929 ... 0.98957413 1.05527638 0.93348891]
 [0.85058717 0.99855929 1.         ... 0.91971642 0.98957413 0.79684135]
 ...
 [1.01220388 0.98957413 0.91971642 ... 1.         0.97062198 0.90351259]
 [0.8168028  1.05527638 0.98957413 ... 0.97062198 1.         0.96543362]
 [0.90920571 0.93348891 0.79684135 ... 0.90351259 0.96543362 1.        ]]
[[1.         1.0360751  0.9611635  ... 0.92605887 0.8168028  0.95971714]
 [1.0360751  1.         0.96583272 ... 0.86840179 0.92605887 1.00350058]
 [0.9611635  0.96583272 1.         ... 0.84307339 0.98957413 0.92605887]
 ...
 [0.92605887 0.86840179 0.84307339 ... 1.         0.94827213 0.89028123]
 [0.8168028  0.92605887 0.98957413 ... 0.94827213 1.         0.96623183]
 [0.95971714 1.00350058 0.92605887 ... 0.89028123 0.96623183 1.        ]]
[[1.         0.97780586 0.94793214 ... 0.96913137 1.00350058 0.98497285]
 [0.97780586 1.         1.00614227 ... 0.98957413 1.01220388 1.14352392]
 [0.94793214 1.00614227 1.         ... 0.8813949  0.82801101 0.94759512]
 ...
 [0.96913137 0.98957413 0.8813949  ... 1.         0.95545601 0.87515968]
 [1.00350058 1.01220388 0.82801101 ... 0.95545601 1.         0.97461302]
 [0.98497285 1.14352392 0.94759512 ... 0.87515968 0.97461302 1.        ]]
[[1.         0.97541123 0.92241453 ... 1.11988514 1.09684947 1.18701856]
 [0.97541123 1.         0.98219601 ... 1.07035569 1.11988514 1.16686114]
 [0.92241453 0.98219601 1.         ... 1.39873539 1.41367733 1.1844939 ]
 ...
 [1.11988514 1.07035569 1.39873539 ... 1.         1.00973421 0.9592733 ]
 [1.09684947 1.11988514 1.41367733 ... 1.00973421 1.         0.96862646]
 [1.18701856 1.16686114 1.1844939  ... 0.9592733  0.96862646 1.        ]]
[[1.         0.96263989 0.85814794 ... 0.88298636 0.88681447 0.73241571]
 [0.96263989 1.         0.98778347 ... 1.09055108 1.07681263 1.14352392]
 [0.85814794 0.98778347 1.         ... 0.86223414 0.90879257 0.96913137]
 ...
 [0.88298636 1.09055108 0.86223414 ... 1.         0.99696287 0.9006773 ]
 [0.88681447 1.07681263 0.90879257 ... 0.99696287 1.         0.94667571]
 [0.73241571 1.14352392 0.96913137 ... 0.9006773  0.94667571 1.        ]]
[[1.         0.97062198 0.87799497 ... 1.11988514 1.1201867  0.98497285]
 [0.97062198 1.         0.95026765 ... 1.17133264 1.16295765 0.86347725]
 [0.87799497 0.95026765 1.         ... 1.11132401 1.0501603  0.8183776 ]
 ...
 [1.11988514 1.17133264 1.11132401 ... 1.         0.96703004 0.86098323]
 [1.1201867  1.16295765 1.0501603  ... 0.96703004 1.         0.95585511]
 [0.98497285 0.86347725 0.8183776  ... 0.86098323 0.95585511 1.        ]]
[[1.         1.03208406 0.86381852 ... 0.64608758 0.86347725 0.93446142]
 [1.03208406 1.         0.88880557 ... 0.78762023 0.83991385 0.93348891]
 [0.86381852 0.88880557 1.         ... 1.01552021 1.09055108 0.8183776 ]
 ...
 [0.64608758 0.78762023 1.01552021 ... 1.         0.96184168 0.85342246]
 [0.86347725 0.83991385 1.09055108 ... 0.96184168 1.         0.96822735]
 [0.93446142 0.93348891 0.8183776  ... 0.85342246 0.96822735 1.        ]]
[[1.         0.97142019 0.85058717 ... 0.90452261 0.91015169 0.68190428]
 [0.97142019 1.         0.93350527 ... 1.09055108 0.90452261 0.63010502]
 [0.85058717 0.93350527 1.         ... 1.18796704 1.09055108 0.8183776 ]
 ...
 [0.90452261 1.09055108 1.18796704 ... 1.         0.98898078 0.9290302 ]
 [0.91015169 0.90452261 1.09055108 ... 0.98898078 1.         0.98219601]
 [0.68190428 0.63010502 0.8183776  ... 0.9290302  0.98219601 1.        ]]
[[1.         0.94268467 0.90256749 ... 0.71069634 0.65344224 0.90920571]
 [0.94268467 1.         0.98858168 ... 0.66644788 0.79684135 1.02683781]
 [0.90256749 0.98858168 1.         ... 1.01552021 0.96937874 0.92605887]
 ...
 [0.71069634 0.66644788 1.01552021 ... 1.         0.99017809 0.98384582]
 [0.65344224 0.79684135 0.96937874 ... 0.99017809 1.         1.00135302]
 [0.90920571 1.02683781 0.92605887 ... 0.98384582 1.00135302 1.        ]]
[[1.         0.99257272 0.95643801 ... 0.62455133 0.77012835 0.93446142]
 [0.99257272 1.         0.95146496 ... 0.8482064  0.92605887 1.05017503]
 [0.95643801 0.95146496 1.         ... 1.07300249 1.00976952 1.07681263]
 ...
 [0.62455133 0.8482064  1.07300249 ... 1.         0.97062198 0.91107336]
 [0.77012835 0.92605887 1.00976952 ... 0.97062198 1.         0.97940227]
 [0.93446142 1.05017503 1.07681263 ... 0.91107336 0.97940227 1.        ]]
[[1.         0.94946944 0.78065    ... 0.90452261 0.70011669 0.75767142]
 [0.94946944 1.         0.94348288 ... 1.07035569 0.90452261 0.93348891]
 [0.78065    0.94348288 1.         ... 1.09216325 1.29250499 1.07681263]
 ...
 [0.90452261 1.07035569 1.09216325 ... 1.         0.95346049 0.87988517]
 [0.70011669 0.90452261 1.29250499 ... 0.95346049 1.         0.97581034]
 [0.75767142 0.93348891 1.07681263 ... 0.87988517 0.97581034 1.        ]]
[[1.         0.96543362 0.91201846 ... 0.99066762 0.86347725 1.18701856]
 [0.96543362 1.         0.98339332 ... 1.15113725 0.96913137 1.00350058]
 [0.91201846 0.98339332 1.         ... 1.2071278  1.07035569 0.92605887]
 ...
 [0.99066762 1.15113725 1.2071278  ... 1.         0.9546578  0.90634788]
 [0.86347725 0.96913137 1.07035569 ... 0.9546578  1.         0.98099869]
 [1.18701856 1.00350058 0.92605887 ... 0.90634788 0.98099869 1.        ]]
[[1.         0.97341571 0.85625775 ... 1.24910266 1.02683781 0.93446142]
 [0.97341571 1.         0.95186407 ... 1.23191881 1.03374013 0.93348891]
 [0.85625775 0.95186407 1.         ... 1.14964553 1.00976952 0.94759512]
 ...
 [1.24910266 1.23191881 1.14964553 ... 1.         0.95984616 0.88461065]
 [1.02683781 1.03374013 1.00976952 ... 0.95984616 1.         0.96463541]
 [0.93446142 0.93348891 0.94759512 ... 0.88461065 0.96463541 1.        ]]
[[1.         0.93949183 0.89500672 ... 1.39985642 1.37689615 1.38906428]
 [0.93949183 1.         1.00694048 ... 1.93875748 1.70136396 1.6336056 ]
 [0.89500672 1.00694048 1.         ... 2.26096953 2.24168833 1.91672649]
 ...
 [1.39985642 1.93875748 2.26096953 ... 1.         1.03727242 1.03582615]
 [1.37689615 1.70136396 2.24168833 ... 1.03727242 1.         0.98299421]
 [1.38906428 1.6336056  1.91672649 ... 1.03582615 0.98299421 1.        ]]
[[1.         0.92113303 0.87704988 ... 1.14142139 0.95682614 1.33855285]
 [0.92113303 1.         1.00374765 ... 0.88859718 1.05527638 1.02683781]
 [0.87704988 1.00374765 1.         ... 0.76643035 0.82801101 0.99066762]
 ...
 [1.14142139 0.88859718 0.76643035 ... 1.         0.94907034 0.89311652]
 [0.95682614 1.05527638 0.82801101 ... 0.94907034 1.         0.97860407]
 [1.33855285 1.02683781 0.99066762 ... 0.89311652 0.97860407 1.        ]]
[[1.         0.93909273 0.92619491 ... 1.11988514 1.16686114 1.26278571]
 [0.93909273 1.         1.02290466 ... 0.76742484 0.79684135 0.98016336]
 [0.92619491 1.02290466 1.         ... 0.90055566 0.86840179 0.83991385]
 ...
 [1.11988514 0.76742484 0.90055566 ... 1.         0.99257272 0.86476362]
 [1.16686114 0.79684135 0.86840179 ... 0.99257272 1.         0.93150974]
 [1.26278571 0.98016336 0.83991385 ... 0.86476362 0.93150974 1.        ]]
[[1.         0.98099869 0.90445769 ... 0.8183776  0.86347725 1.06073999]
 [0.98099869 1.         0.9730166  ... 1.15113725 1.03374013 1.09684947]
 [0.90445769 0.9730166  1.         ... 1.13048477 1.0501603  0.99066762]
 ...
 [0.8183776  1.15113725 1.13048477 ... 1.         1.01053242 0.96210859]
 [0.86347725 1.03374013 1.0501603  ... 1.01053242 1.         0.97581034]
 [1.06073999 1.09684947 0.99066762 ... 0.96210859 0.97581034 1.        ]]
[[1.         0.91434825 0.83641071 ... 1.09834889 1.07351225 0.80818285]
 [0.91434825 1.         0.98459063 ... 0.90879257 1.11988514 0.77012835]
 [0.83641071 0.98459063 1.         ... 0.74726959 1.02996491 1.09834889]
 ...
 [1.09834889 0.90879257 0.74726959 ... 1.         1.00015571 0.89689691]
 [1.07351225 1.11988514 1.02996491 ... 1.00015571 1.         0.95106586]
 [0.80818285 0.77012835 1.09834889 ... 0.89689691 0.95106586 1.        ]]
[[1.         0.98099869 0.91768904 ... 1.1844939  1.1201867  1.13650713]
 [0.98099869 1.         0.95665332 ... 0.92898796 1.11988514 1.09684947]
 [0.91768904 0.95665332 1.         ... 1.13048477 1.33289577 1.03374013]
 ...
 [1.1844939  0.92898796 1.13048477 ... 1.         0.98299421 0.94698704]
 [1.1201867  1.11988514 1.33289577 ... 0.98299421 1.         0.9817969 ]
 [1.13650713 1.09684947 1.03374013 ... 0.94698704 0.9817969  1.        ]]
[[1.         0.91514646 0.80522252 ... 0.79684135 1.00350058 0.58088142]
 [0.91514646 1.         0.98738436 ... 0.96937874 0.96913137 0.84014002]
 [0.80522252 0.98738436 1.         ... 1.34125311 1.2521142  1.14142139]
 ...
 [0.79684135 0.96937874 1.34125311 ... 1.         0.98259511 0.85058717]
 [1.00350058 0.96913137 1.2521142  ... 0.98259511 1.         0.95066676]
 [0.58088142 0.84014002 1.14142139 ... 0.85058717 0.95066676 1.        ]]
[[1.         0.93709721 0.72488928 ... 0.88298636 0.95682614 0.95971714]
 [0.93709721 1.         0.92033482 ... 0.92898796 0.88298636 0.84014002]
 [0.72488928 0.92033482 1.         ... 0.95803794 0.80781562 0.7753051 ]
 ...
 [0.88298636 0.92898796 0.95803794 ... 1.         0.95864884 0.88272046]
 [0.95682614 0.88298636 0.80781562 ... 0.95864884 1.         0.95066676]
 [0.95971714 0.84014002 0.7753051  ... 0.88272046 0.95066676 1.        ]]
[[1.         0.94507929 0.94415175 ... 0.86145011 1.00350058 1.03548428]
 [0.94507929 1.         0.99616466 ... 0.72703405 0.75376884 0.93348891]
 [0.94415175 0.99616466 1.         ... 1.11132401 0.88859718 0.8183776 ]
 ...
 [0.86145011 0.72703405 1.11132401 ... 1.         0.94787302 0.84208129]
 [1.00350058 0.75376884 0.88859718 ... 0.94787302 1.         0.95106586]
 [1.03548428 0.93348891 0.8183776  ... 0.84208129 0.95106586 1.        ]]
[[1.         0.96583272 0.94887724 ... 0.94759512 0.98016336 1.03548428]
 [0.96583272 1.         1.00055481 ... 0.94918335 0.83991385 0.72345391]
 [0.94887724 1.00055481 1.         ... 0.95803794 0.94918335 0.7753051 ]
 ...
 [0.94759512 0.94918335 0.95803794 ... 1.         0.92711959 0.82884994]
 [0.98016336 0.83991385 0.94918335 ... 0.92711959 1.         0.95026765]
 [1.03548428 0.72345391 0.7753051  ... 0.82884994 0.95026765 1.        ]]
[[1.         0.99456824 0.88177536 ... 1.35678392 1.23687281 0.90920571]
 [0.99456824 1.         0.93510168 ... 1.31270038 1.46446518 1.00350058]
 [0.88177536 0.93510168 1.         ... 1.28377084 1.23191881 1.16295765]
 ...
 [1.35678392 1.31270038 1.28377084 ... 1.         0.94986855 0.87799497]
 [1.23687281 1.46446518 1.23191881 ... 0.94986855 1.         0.9550569 ]
 [0.90920571 1.00350058 1.16295765 ... 0.87799497 0.9550569  1.        ]]
[[1.         0.95545601 0.84586168 ... 0.60301508 0.72345391 0.80818285]
 [0.95545601 1.         0.96463541 ... 0.72703405 0.86145011 0.95682614]
 [0.84586168 0.96463541 1.         ... 0.72810883 0.96937874 0.96913137]
 ...
 [0.60301508 0.72703405 0.72810883 ... 1.         0.96423631 0.89217143]
 [0.72345391 0.86145011 0.96937874 ... 0.96423631 1.         0.97381481]
 [0.80818285 0.95682614 0.96913137 ... 0.89217143 0.97381481 1.        ]]
[[1.         0.99656377 0.90823807 ... 1.5936827  1.65694282 1.36380856]
 [0.99656377 1.         0.94667571 ... 1.83778053 1.80904523 1.51691949]
 [0.90823807 0.94667571 1.         ... 1.82027208 2.1003206  1.89519024]
 ...
 [1.5936827  1.83778053 1.82027208 ... 1.         1.01691809 0.94604195]
 [1.65694282 1.80904523 2.1003206  ... 1.01691809 1.         0.99137541]
 [1.36380856 1.51691949 1.89519024 ... 0.94604195 0.99137541 1.        ]]
[[1.         0.96064437 0.83546562 ... 0.53840632 0.74679113 0.90920571]
 [0.96064437 1.         0.93310616 ... 0.82801101 0.7753051  1.02683781]
 [0.83546562 0.93310616 1.         ... 0.86223414 0.90879257 0.8183776 ]
 ...
 [0.53840632 0.82801101 0.86223414 ... 1.         0.97142019 0.91957924]
 [0.74679113 0.7753051  0.90879257 ... 0.97142019 1.         0.98459063]
 [0.90920571 1.02683781 0.8183776  ... 0.91957924 0.98459063 1.        ]]
[[1.         0.8915993  0.87799497 ... 0.96913137 0.98016336 0.95971714]
 [0.8915993  1.         1.03368048 ... 0.92898796 1.05527638 0.88681447]
 [0.87799497 1.03368048 1.         ... 0.80475187 1.00976952 0.96913137]
 ...
 [0.96913137 0.92898796 0.80475187 ... 1.         1.00055481 0.98195563]
 [0.98016336 1.05527638 1.00976952 ... 1.00055481 1.         1.00733959]
 [0.95971714 0.88681447 0.96913137 ... 0.98195563 1.00733959 1.        ]]
[[1.         0.91794019 0.87610478 ... 0.7753051  0.95682614 0.75767142]
 [0.91794019 1.         0.96942466 ... 0.98957413 0.86145011 0.77012835]
 [0.87610478 0.96942466 1.         ... 0.76643035 0.8482064  1.03374013]
 ...
 [0.7753051  0.98957413 0.76643035 ... 1.         0.95186407 0.87799497]
 [0.95682614 0.86145011 0.8482064  ... 0.95186407 1.         0.96303899]
 [0.75767142 0.77012835 1.03374013 ... 0.87799497 0.96303899 1.        ]]
[[1.         0.94029004 0.809948   ... 0.96913137 0.79346558 0.83343857]
 [0.94029004 1.         0.94108825 ... 0.88859718 1.09834889 1.02683781]
 [0.809948   0.94108825 1.         ... 0.93887718 1.0501603  1.11988514]
 ...
 [0.96913137 0.88859718 0.93887718 ... 1.         0.9813978  0.93281059]
