True
Iteration Number 1
gamma: 1e-05
READING FROM OBJ_GOAL
obj goal:  [8.17890042e-06 1.88089968e-06 4.89965663e-07 4.20432667e-06
 3.98710376e-07 2.60895669e-06]
current chi values:  [-0.8, 0.4, 0.6, -0.9, 0.9, -0.2]
========= step before gamma:  115506824.72945331
step:  [ 1.02500404e+08  4.92201150e+07 -8.25646728e+06 -4.31842125e+06
 -1.71622778e+07 -5.61356614e+06]
lam:  [2.050e-06 9.780e-07 4.520e-07 4.006e-06 1.044e-06 2.268e-06]
B:  [[ 6.36272545e-14 -9.01803607e-16  2.14428858e-14  5.71142285e-15
   1.80360721e-15  2.06412826e-14]
 [-9.01803607e-16  2.15591182e-14  5.95591182e-15  1.32264529e-16
   9.69939880e-16 -1.04208417e-16]
 [ 2.14428858e-14  5.95591182e-15  2.56208417e-13 -4.72144289e-15
   8.12825651e-15  3.89418838e-14]
 [ 5.71142285e-15  1.32264529e-16 -4.72144289e-15  9.01442886e-14
   1.73947896e-15  2.39679359e-15]
 [ 1.80360721e-15  9.69939880e-16  8.12825651e-15  1.73947896e-15
   4.21482966e-14  1.42364729e-14]
 [ 2.06412826e-14 -1.04208417e-16  3.89418838e-14  2.39679359e-15
   1.42364729e-14  2.12601202e-13]]
========= step after gamma:  1155.0682472945332
step:  [1025.00404473  492.2011502   -82.56467275  -43.18421255 -171.62277837
  -56.13566142]
======= OUTSIDE TRUST REGION =========
========= steplength:  10.000000000000002
========= trust_region:  10.0
step:  [ 8.87396954  4.26123003 -0.71480341 -0.37386719 -1.48582371 -0.48599433]
lam:  [2.050e-06 9.780e-07 4.520e-07 4.006e-06 1.044e-06 2.268e-06]
new chi values:  [-9.67396954 -3.86123003  1.31480341 -0.52613281  2.38582371  0.28599433]


True
Iteration Number 2
gamma: 1e-05
READING FROM OBJ_GOAL
obj goal:  [8.17890042e-06 1.88089968e-06 4.89965663e-07 4.20432667e-06
 3.98710376e-07 2.60895669e-06]
current chi values:  [-9.67397, -3.86123, 1.3148, -0.52613, 2.38582, 0.28599]
========= step before gamma:  209077342.64894354
step:  [ 1.97483791e+08  6.72131789e+07 -1.24354442e+07  1.55990086e+06
  1.15181789e+06  6.12175285e+06]
lam:  [2.032e-06 9.660e-07 4.360e-07 4.000e-06 1.074e-06 2.188e-06]
B:  [[ 3.50460922e-14 -8.92985972e-15  1.40761523e-14  4.00801603e-15
  -4.37675351e-15 -1.60320641e-17]
 [-8.92985972e-15  4.09258517e-14  2.82965932e-15 -1.00200401e-14
   5.17034068e-16 -3.61523046e-15]
 [ 1.40761523e-14  2.82965932e-15  2.46396794e-13  4.00801603e-15
   5.74749499e-15  2.20761523e-14]
 [ 4.00801603e-15 -1.00200401e-14  4.00801603e-15  1.16232465e-13
   1.40280561e-14 -1.00200401e-14]
 [-4.37675351e-15  5.17034068e-16  5.74749499e-15  1.40280561e-14
   8.06853707e-14  1.81242485e-14]
 [-1.60320641e-17 -3.61523046e-15  2.20761523e-14 -1.00200401e-14
   1.81242485e-14  1.52961924e-13]]
========= step after gamma:  2090.773426489436
step:  [1974.83790954  672.13178871 -124.354442     15.59900861   11.51817891
   61.21752845]
======= OUTSIDE TRUST REGION =========
========= steplength:  10.0
========= trust_region:  10.0
step:  [ 9.44548981  3.21475192 -0.59477723  0.0746088   0.05509052  0.29279848]
lam:  [2.032e-06 9.660e-07 4.360e-07 4.000e-06 1.074e-06 2.188e-06]
new chi values:  [-1.91194598e+01 -7.07598192e+00  1.90957723e+00 -6.00738795e-01
  2.33072948e+00 -6.80848154e-03]


True
Iteration Number 3
gamma: 1e-05
READING FROM OBJ_GOAL
obj goal:  [8.17890042e-06 1.88089968e-06 4.89965663e-07 4.20432667e-06
 3.98710376e-07 2.60895669e-06]
current chi values:  [-19.11946, -7.07598, 1.90958, -0.60074, 2.33073, -0.00681]
========= step before gamma:  144085100.45441416
step:  [ 1.39053463e+08  2.96746226e+07 -6.43163376e+05  4.04118991e+06
 -2.29620807e+07 -2.55829862e+05]
lam:  [2.042e-06 9.780e-07 4.060e-07 4.000e-06 1.042e-06 2.194e-06]
B:  [[ 4.43246493e-14  9.25851703e-16  9.49899800e-16  8.09412392e-31
   2.24048096e-15  7.86773547e-15]
 [ 9.25851703e-16  2.55671343e-14  4.94188377e-15 -2.00400802e-15
  -1.07815631e-15 -7.74749499e-15]
 [ 9.49899800e-16  4.94188377e-15  2.41647295e-13 -4.00801603e-15
   9.49899800e-16  5.24649299e-15]
 [ 8.09412392e-31 -2.00400802e-15 -4.00801603e-15  7.61523046e-14
   2.00400802e-15  2.00400802e-15]
 [ 2.24048096e-15 -1.07815631e-15  9.49899800e-16  2.00400802e-15
   4.03166333e-14  1.78877756e-14]
 [ 7.86773547e-15 -7.74749499e-15  5.24649299e-15  2.00400802e-15
   1.78877756e-14  1.68701403e-13]]
========= step after gamma:  1440.8510045441417
step:  [1390.53462637  296.74622603   -6.43163376   40.41189909 -229.62080721
   -2.55829862]
======= OUTSIDE TRUST REGION =========
========= steplength:  10.0
========= trust_region:  10.0
step:  [ 9.65078708  2.05952055 -0.04463774  0.28047244 -1.59364713 -0.01775547]
lam:  [2.042e-06 9.780e-07 4.060e-07 4.000e-06 1.042e-06 2.194e-06]
new chi values:  [-2.87702471e+01 -9.13550055e+00  1.95421774e+00 -8.81212436e-01
  3.92437713e+00  1.09454696e-02]


True
Iteration Number 4
gamma: 1e-05
READING FROM OBJ_GOAL
obj goal:  [8.17890042e-06 1.88089968e-06 4.89965663e-07 4.20432667e-06
 3.98710376e-07 2.60895669e-06]
current chi values:  [-28.77025, -9.1355, 1.95422, -0.88121, 3.92438, 0.01095]
========= step before gamma:  140172464.3076814
step:  [ 1.31401776e+08  4.69911951e+07 -8.92887682e+06  5.22329939e+05
 -9.40992269e+06 -2.27511763e+06]
lam:  [2.048e-06 9.780e-07 4.660e-07 4.050e-06 1.058e-06 2.184e-06]
B:  [[ 4.97955912e-14 -4.95390782e-15  1.76673347e-14  1.60320641e-15
  -7.85571142e-16  1.31943888e-14]
 [-4.95390782e-15  3.35831663e-14  2.25651303e-15 -9.01803607e-16
   3.28256513e-15 -1.19759519e-14]
 [ 1.76673347e-14  2.25651303e-15  2.49342685e-13  7.01402806e-16
   1.29979960e-14  2.43046092e-14]
 [ 1.60320641e-15 -9.01803607e-16  7.01402806e-16  1.15731463e-13
   5.11022044e-15  8.81763527e-15]
 [-7.85571142e-16  3.28256513e-15  1.29979960e-14  5.11022044e-15
   5.87535070e-14  1.93667335e-14]
 [ 1.31943888e-14 -1.19759519e-14  2.43046092e-14  8.81763527e-15
   1.93667335e-14  1.54452906e-13]]
========= step after gamma:  1401.7246430768143
step:  [1314.01776467  469.91195096  -89.28876819    5.22329939  -94.09922686
  -22.75117626]
======= OUTSIDE TRUST REGION =========
========= steplength:  10.000000000000002
========= trust_region:  10.0
step:  [ 9.3742931   3.35238417 -0.63699221  0.03726338 -0.67131036 -0.16230846]
lam:  [2.048e-06 9.780e-07 4.660e-07 4.050e-06 1.058e-06 2.184e-06]
new chi values:  [-38.1445431  -12.48788417   2.59121221  -0.91847338   4.59569036
   0.17325846]


True
Iteration Number 5
gamma: 1e-05
READING FROM OBJ_GOAL
obj goal:  [8.17890042e-06 1.88089968e-06 4.89965663e-07 4.20432667e-06
 3.98710376e-07 2.60895669e-06]
current chi values:  [-38.14454, -12.48788, 2.59121, -0.91847, 4.59569, 0.17326]
========= step before gamma:  126140379.90201965
step:  [ 9.16315925e+07  8.55985084e+07 -9.96608271e+06 -7.11729159e+06
 -6.16109816e+06  6.53552853e+04]
lam:  [2.072e-06 9.800e-07 4.400e-07 4.056e-06 1.064e-06 2.192e-06]
B:  [[ 8.29819639e-14 -1.25851703e-14  3.23847695e-14  1.60000000e-14
  -2.61322645e-15  1.42044088e-14]
 [-1.25851703e-14  2.36472946e-14 -3.20641283e-15 -8.81763527e-16
   1.28256513e-15 -6.17234469e-15]
 [ 3.23847695e-14 -3.20641283e-15  2.50901804e-13  1.33867735e-14
   7.85571142e-15  1.75551102e-14]
 [ 1.60000000e-14 -8.81763527e-16  1.33867735e-14  1.45154309e-13
   1.24408818e-14  1.32745491e-14]
 [-2.61322645e-15  1.28256513e-15  7.85571142e-15  1.24408818e-14
   6.00240481e-14  1.57434870e-14]
 [ 1.42044088e-14 -6.17234469e-15  1.75551102e-14  1.32745491e-14
   1.57434870e-14  1.55446894e-13]]
========= step after gamma:  1261.4037990201964
step:  [ 9.16315925e+02  8.55985084e+02 -9.96608271e+01 -7.11729159e+01
 -6.16109816e+01  6.53552853e-01]
======= OUTSIDE TRUST REGION =========
========= steplength:  10.0
========= trust_region:  10.0
step:  [ 7.26425532e+00  6.78597199e+00 -7.90078698e-01 -5.64235782e-01
 -4.88431869e-01  5.18115494e-03]
lam:  [2.072e-06 9.800e-07 4.400e-07 4.056e-06 1.064e-06 2.192e-06]
new chi values:  [-45.40879532 -19.27385199   3.3812887   -0.35423422   5.08412187
   0.16807885]


True
Iteration Number 6
gamma: 1e-05
READING FROM OBJ_GOAL
obj goal:  [8.17890042e-06 1.88089968e-06 4.89965663e-07 4.20432667e-06
 3.98710376e-07 2.60895669e-06]
current chi values:  [-45.4088, -19.27385, 3.38129, -0.35423, 5.08412, 0.16808]
========= step before gamma:  110931037.9611958
step:  [ 1.08083602e+08  2.12428147e+07 -1.04970788e+07 -4.05738258e+06
 -6.62338442e+06  1.36116960e+06]
lam:  [2.062e-06 9.800e-07 4.540e-07 4.004e-06 1.052e-06 2.200e-06]
B:  [[ 5.82725451e-14  3.24649299e-15  2.38997996e-14  3.75951904e-15
  -1.22645291e-15  5.61122244e-15]
 [ 3.24649299e-15  2.76553106e-14  3.08617234e-15  6.09218437e-15
  -2.96593186e-15  2.29544295e-30]
 [ 2.38997996e-14  3.08617234e-15  2.48380762e-13 -5.82765531e-15
   1.04128257e-14  2.92585170e-14]
 [ 3.75951904e-15  6.09218437e-15 -5.82765531e-15  8.41523046e-14
   9.81162325e-15  7.21442886e-15]
 [-1.22645291e-15 -2.96593186e-15  1.04128257e-14  9.81162325e-15
   4.93947896e-14  1.36272545e-14]
 [ 5.61122244e-15  2.29544295e-30  2.92585170e-14  7.21442886e-15
   1.36272545e-14  1.68336673e-13]]
========= step after gamma:  1109.3103796119578
step:  [1080.83601843  212.42814659 -104.97078825  -40.57382578  -66.23384419
   13.61169602]
======= OUTSIDE TRUST REGION =========
========= steplength:  10.0
========= trust_region:  10.0
step:  [ 9.74331475  1.91495681 -0.94627068 -0.3657572  -0.59707225  0.12270413]
lam:  [2.062e-06 9.800e-07 4.540e-07 4.004e-06 1.052e-06 2.200e-06]
new chi values:  [-5.51521148e+01 -2.11888068e+01  4.32756068e+00  1.15271995e-02
  5.68119225e+00  4.53758744e-02]


True
Iteration Number 7
gamma: 1e-05
READING FROM OBJ_GOAL
obj goal:  [8.17890042e-06 1.88089968e-06 4.89965663e-07 4.20432667e-06
 3.98710376e-07 2.60895669e-06]
current chi values:  [-55.15211, -21.18881, 4.32756, 0.01153, 5.68119, 0.04538]
========= step before gamma:  99908689.17903927
step:  [91024200.63741004 39210695.13962094 -8307298.59445424  -641468.31733365
 -9423870.98366071   793991.56535813]
lam:  [2.072e-06 9.680e-07 4.240e-07 4.038e-06 1.042e-06 2.170e-06]
B:  [[ 7.09579158e-14 -5.70741483e-15  2.15150301e-14  7.27855711e-15
  -5.03406814e-15  9.77955912e-15]
 [-5.70741483e-15  3.90541082e-14  3.57515030e-15 -1.08056112e-14
   7.35871743e-15 -8.57715431e-15]
 [ 2.15150301e-14  3.57515030e-15  2.44713427e-13  1.89178357e-15
   2.19639279e-15  2.79759519e-14]
 [ 7.27855711e-15 -1.08056112e-14  1.89178357e-15  1.28813627e-13
  -1.59919840e-15  1.35671343e-14]
 [-5.03406814e-15  7.35871743e-15  2.19639279e-15 -1.59919840e-15
   4.83326653e-14 -1.14228457e-15]
 [ 9.77955912e-15 -8.57715431e-15  2.79759519e-14  1.35671343e-14
  -1.14228457e-15  1.45390782e-13]]
========= step after gamma:  999.0868917903928
step:  [910.24200637 392.1069514  -83.07298594  -6.41468317 -94.23870984
   7.93991565]
======= OUTSIDE TRUST REGION =========
========= steplength:  10.0
========= trust_region:  10.0
step:  [ 9.11073915  3.92465315 -0.8314891  -0.06420546 -0.94324839  0.07947172]
lam:  [2.072e-06 9.680e-07 4.240e-07 4.038e-06 1.042e-06 2.170e-06]
new chi values:  [-6.42628492e+01 -2.51134631e+01  5.15904910e+00  7.57354583e-02
  6.62443839e+00 -3.40917228e-02]


True
Iteration Number 8
gamma: 1e-05
READING FROM OBJ_GOAL
obj goal:  [8.17890042e-06 1.88089968e-06 4.89965663e-07 4.20432667e-06
 3.98710376e-07 2.60895669e-06]
current chi values:  [-64.26285, -25.11346, 5.15905, 0.07574, 6.62444, -0.03409]
========= step before gamma:  129026489.98635475
step:  [ 98572824.97895119  80656140.25654659  -9609800.88883265
 -16808565.97724006   5082633.67597988  -5011088.14189119]
lam:  [2.068e-06 9.740e-07 4.780e-07 4.032e-06 1.028e-06 2.200e-06]
B:  [[ 9.15591182e-14 -2.22765531e-14  2.95551102e-14  3.38917836e-14
  -1.79398798e-14  3.44689379e-14]
 [-2.22765531e-14  3.33907816e-14 -1.57515030e-15 -1.51983968e-14
   1.07494990e-14 -1.68336673e-14]
 [ 2.95551102e-14 -1.57515030e-15  2.54024048e-13  1.27294589e-14
   2.62124248e-15  2.64529058e-14]
 [ 3.38917836e-14 -1.51983968e-14  1.27294589e-14  9.91743487e-14
  -2.90180361e-15  2.76553106e-14]
 [-1.79398798e-14  1.07494990e-14  2.62124248e-15 -2.90180361e-15
   4.73106212e-14 -1.60320641e-15]
 [ 3.44689379e-14 -1.68336673e-14  2.64529058e-14  2.76553106e-14
  -1.60320641e-15  1.80360721e-13]]
========= step after gamma:  1290.2648998635477
step:  [ 985.72824979  806.56140257  -96.09800889 -168.08565977   50.82633676
  -50.11088142]
======= OUTSIDE TRUST REGION =========
========= steplength:  10.0
========= trust_region:  10.0
step:  [ 7.63973545  6.25113031 -0.74479286 -1.3027221   0.39392172 -0.38837669]
lam:  [2.068e-06 9.740e-07 4.780e-07 4.032e-06 1.028e-06 2.200e-06]
new chi values:  [-71.90258545 -31.36459031   5.90384286   1.3784621    6.23051828
   0.35428669]


True
Iteration Number 9
gamma: 1e-05
READING FROM OBJ_GOAL
obj goal:  [8.17890042e-06 1.88089968e-06 4.89965663e-07 4.20432667e-06
 3.98710376e-07 2.60895669e-06]
current chi values:  [-71.90259, -31.36459, 5.90384, 1.37846, 6.23052, 0.35429]
========= step before gamma:  112666582.71180148
step:  [ 1.10904881e+08  1.62775850e+07 -4.72456085e+06 -2.51403391e+03
 -1.02806409e+07 -9.45147165e+05]
lam:  [2.058e-06 9.980e-07 5.000e-07 3.992e-06 1.048e-06 2.194e-06]
B:  [[ 5.47454910e-14  6.12825651e-15  1.10220441e-14  2.46893788e-15
  -7.85571142e-16  6.76152305e-15]
 [ 6.12825651e-15  1.40240481e-14  5.01002004e-15  1.98797595e-15
   9.61923848e-17  3.88777555e-16]
 [ 1.10220441e-14  5.01002004e-15  2.50501002e-13  7.28471153e-30
   1.00200401e-14  2.90581162e-14]
 [ 2.46893788e-15  1.98797595e-15  7.28471153e-30  1.32200401e-13
   8.40080160e-15  7.56713427e-15]
 [-7.85571142e-16  9.61923848e-17  1.00200401e-14  8.40080160e-15
   4.97955912e-14  4.69739479e-15]
 [ 6.76152305e-15  3.88777555e-16  2.90581162e-14  7.56713427e-15
   4.69739479e-15  1.64693387e-13]]
========= step after gamma:  1126.6658271180152
step:  [ 1.10904881e+03  1.62775850e+02 -4.72456085e+01 -2.51403391e-02
 -1.02806409e+02 -9.45147165e+00]
======= OUTSIDE TRUST REGION =========
========= steplength:  10.0
========= trust_region:  10.0
step:  [ 9.84363586e+00  1.44475714e+00 -4.19340033e-01 -2.23139271e-04
 -9.12483600e-01 -8.38888641e-02]
lam:  [2.058e-06 9.980e-07 5.000e-07 3.992e-06 1.048e-06 2.194e-06]
new chi values:  [-81.74622586 -32.80934714   6.32318003   1.37868314   7.1430036
   0.43817886]


True
Iteration Number 10
gamma: 1e-05
READING FROM OBJ_GOAL
obj goal:  [8.17890042e-06 1.88089968e-06 4.89965663e-07 4.20432667e-06
 3.98710376e-07 2.60895669e-06]
current chi values:  [-81.74623, -32.80935, 6.32318, 1.37868, 7.143, 0.43818]
========= step before gamma:  99812761.53756535
step:  [ 73859573.92572126  64366474.75955392  -4674729.63738756
  -4455318.22089888 -17053595.88144689   5637334.66929735]
lam:  [2.096e-06 9.800e-07 4.800e-07 4.048e-06 1.044e-06 2.176e-06]
B:  [[ 9.49739479e-14 -1.21042084e-14  2.59719439e-14  1.94308617e-14
  -2.24448898e-16  9.12224449e-15]
 [-1.21042084e-14  2.76553106e-14 -1.04208417e-14 -9.05811623e-15
   8.81763527e-16 -1.05010020e-14]
 [ 2.59719439e-14 -1.04208417e-14  2.54108216e-13  6.97394790e-15
   6.89378758e-15  1.75551102e-14]
 [ 1.94308617e-14 -9.05811623e-15  6.97394790e-15  1.45987976e-13
   5.89979960e-15  1.55831663e-14]
 [-2.24448898e-16  8.81763527e-16  6.89378758e-15  5.89979960e-15
   4.21482966e-14  1.62885772e-14]
 [ 9.12224449e-15 -1.05010020e-14  1.75551102e-14  1.55831663e-14
   1.62885772e-14  1.53330661e-13]]
========= step after gamma:  998.1276153756535
step:  [ 738.59573926  643.6647476   -46.74729637  -44.55318221 -170.53595881
   56.37334669]
======= OUTSIDE TRUST REGION =========
========= steplength:  10.0
========= trust_region:  10.0
step:  [ 7.39981269  6.44872196 -0.46834989 -0.44636759 -1.70855867  0.56479097]
lam:  [2.096e-06 9.800e-07 4.800e-07 4.048e-06 1.044e-06 2.176e-06]
new chi values:  [-89.14604269 -39.25807196   6.79152989   1.82504759   8.85155867
  -0.12661097]


True
Iteration Number 11
gamma: 1e-05
READING FROM OBJ_GOAL
obj goal:  [8.17890042e-06 1.88089968e-06 4.89965663e-07 4.20432667e-06
 3.98710376e-07 2.60895669e-06]
current chi values:  [-89.14604, -39.25807, 6.79153, 1.82505, 8.85156, -0.12661]
========= step before gamma:  94650136.70589739
step:  [ 55053367.64704195  75644241.86204362  -6948585.21849283
  -2938666.32913021 -12129374.93645712   1297470.4619267 ]
lam:  [2.130e-06 9.860e-07 4.560e-07 4.034e-06 1.038e-06 2.192e-06]
B:  [[ 1.25350701e-13 -8.19639279e-15  4.08016032e-14  1.96192385e-14
  -6.95390782e-15  1.90781563e-14]
 [-8.19639279e-15  1.78396794e-14 -5.62725451e-15 -7.53907816e-15
   4.54108216e-15 -7.32665331e-15]
 [ 4.08016032e-14 -5.62725451e-15  2.60585170e-13  2.50100200e-15
   6.73346693e-16  3.05090180e-14]
 [ 1.96192385e-14 -7.53907816e-15  2.50100200e-15  8.90220441e-14
   4.71743487e-15 -2.53306613e-15]
 [-6.95390782e-15  4.54108216e-15  6.73346693e-16  4.71743487e-15
   4.86533066e-14  6.71743487e-15]
 [ 1.90781563e-14 -7.32665331e-15  3.05090180e-14 -2.53306613e-15
   6.71743487e-15  1.59454910e-13]]
========= step after gamma:  946.5013670589739
step:  [ 550.53367647  756.44241862  -69.48585218  -29.38666329 -121.29374936
   12.97470462]
======= OUTSIDE TRUST REGION =========
========= steplength:  10.000000000000002
========= trust_region:  10.0
step:  [ 5.81651222  7.99198443 -0.73413367 -0.31047671 -1.28149577  0.13708067]
lam:  [2.130e-06 9.860e-07 4.560e-07 4.034e-06 1.038e-06 2.192e-06]
new chi values:  [-94.96255222 -47.25005443   7.52566367   2.13552671  10.13305577
  -0.26369067]


True
Iteration Number 12
gamma: 1e-05
READING FROM OBJ_GOAL
obj goal:  [8.17890042e-06 1.88089968e-06 4.89965663e-07 4.20432667e-06
 3.98710376e-07 2.60895669e-06]
current chi values:  [-94.96255, -47.25005, 7.52566, 2.13553, 10.13306, -0.26369]
========= step before gamma:  84594380.30320604
step:  [ 71813167.9741204   42871353.40679237  -2967926.84701509
  -2510339.10735299 -11837519.848072     2426493.99700426]
lam:  [2.096e-06 9.720e-07 4.780e-07 3.984e-06 1.044e-06 2.236e-06]
B:  [[ 8.69579158e-14 -3.31863727e-15  1.01322645e-14  9.55511022e-15
  -2.22845691e-15  3.35070140e-15]
 [-3.31863727e-15  2.72705411e-14  3.39078156e-15 -2.45290581e-15
   1.23446894e-15 -1.39478958e-15]
 [ 1.01322645e-14  3.39078156e-15  2.50016032e-13 -8.36873747e-15
   1.70020040e-14  2.52424850e-14]
 [ 9.55511022e-15 -2.45290581e-15 -8.36873747e-15  1.19983968e-13
   8.72144289e-15  7.79158317e-15]
 [-2.22845691e-15  1.23446894e-15  1.70020040e-14  8.72144289e-15
   4.21482966e-14  1.36432866e-14]
 [ 3.35070140e-15 -1.39478958e-15  2.52424850e-14  7.79158317e-15
   1.36432866e-14  1.84673347e-13]]
========= step after gamma:  845.9438030320605
step:  [ 718.13167974  428.71353407  -29.67926847  -25.10339107 -118.37519848
   24.26493997]
======= OUTSIDE TRUST REGION =========
========= steplength:  10.0
========= trust_region:  10.0
step:  [ 8.48911804  5.06787251 -0.35084208 -0.2967501  -1.39932698  0.28683868]
lam:  [2.096e-06 9.720e-07 4.780e-07 3.984e-06 1.044e-06 2.236e-06]
new chi values:  [-103.45166804  -52.31792251    7.87650208    2.4322801    11.53238698
   -0.55052868]


True
Iteration Number 13
gamma: 1e-05
READING FROM OBJ_GOAL
obj goal:  [8.17890042e-06 1.88089968e-06 4.89965663e-07 4.20432667e-06
 3.98710376e-07 2.60895669e-06]
current chi values:  [-103.45167, -52.31792, 7.8765, 2.43228, 11.53239, -0.55053]
========= step before gamma:  119883785.33269492
step:  [ 76384114.24482803  91131371.33322181  -5900906.2000404
  -1489929.73487313 -13834100.5458089    2058959.23881194]
lam:  [2.084e-06 1.002e-06 4.100e-07 3.990e-06 1.036e-06 2.190e-06]
B:  [[ 8.11062124e-14 -1.68336673e-16  1.95991984e-14  2.84569138e-15
  -1.02605210e-15  1.00601202e-14]
 [-1.68336673e-16  1.00160321e-14  1.18236473e-15  4.02805611e-15
  -7.21442886e-17 -4.38877756e-15]
 [ 1.95991984e-14  1.18236473e-15  2.42384770e-13  6.11222445e-15
   1.12625251e-14  3.41683367e-14]
 [ 2.84569138e-15  4.02805611e-15  6.11222445e-15  1.22144289e-13
   1.03807615e-14 -4.10821643e-15]
 [-1.02605210e-15 -7.21442886e-17  1.12625251e-14  1.03807615e-14
   3.47735471e-14  5.17034068e-15]
 [ 1.00601202e-14 -4.38877756e-15  3.41683367e-14 -4.10821643e-15
   5.17034068e-15  1.54208417e-13]]
========= step after gamma:  1198.8378533269492
step:  [ 763.84114245  911.31371333  -59.009062    -14.89929735 -138.34100546
   20.58959239]
======= OUTSIDE TRUST REGION =========
========= steplength:  10.0
========= trust_region:  10.0
step:  [ 6.37151338  7.6016428  -0.49221888 -0.12428117 -1.15395927  0.17174627]
lam:  [2.084e-06 1.002e-06 4.100e-07 3.990e-06 1.036e-06 2.190e-06]
new chi values:  [-109.82318338  -59.9195628     8.36871888    2.55656117   12.68634927
   -0.72227627]


True
Iteration Number 14
gamma: 1e-05
READING FROM OBJ_GOAL
obj goal:  [8.17890042e-06 1.88089968e-06 4.89965663e-07 4.20432667e-06
 3.98710376e-07 2.60895669e-06]
current chi values:  [-109.82318, -59.91956, 8.36872, 2.55656, 12.68635, -0.72228]
========= step before gamma:  87675300.42518562
step:  [69848059.56069875 51836044.42946373 -5808512.95260695  3700336.88489249
 -8514676.19307841  1140329.64664616]
lam:  [2.096e-06 9.980e-07 4.640e-07 4.004e-06 1.050e-06 2.238e-06]
B:  [[ 8.69579158e-14  2.19639279e-15  1.94949900e-14 -2.38877756e-15
  -8.01603206e-16  9.17034068e-15]
 [ 2.19639279e-15  1.40240481e-14  2.93386774e-15 -1.99599198e-15
  -3.90781563e-15 -5.53507014e-15]
 [ 1.94949900e-14  2.93386774e-15  2.49202405e-13 -5.86773547e-15
   4.80961924e-15  1.96072144e-14]
 [-2.38877756e-15 -1.99599198e-15 -5.86773547e-15  1.36256513e-13
   7.81563126e-15 -9.53907816e-16]
 [-8.01603206e-16 -3.90781563e-15  4.80961924e-15  7.81563126e-15
   4.75951904e-14  1.01202405e-14]
 [ 9.17034068e-15 -5.53507014e-15  1.96072144e-14 -9.53907816e-16
   1.01202405e-14  1.93743487e-13]]
========= step after gamma:  876.7530042518562
step:  [698.48059561 518.36044429 -58.08512953  37.00336885 -85.14676193
  11.40329647]
======= OUTSIDE TRUST REGION =========
========= steplength:  10.0
========= trust_region:  10.0
step:  [ 7.96667468  5.91227451 -0.66250277  0.42205009 -0.9711602   0.13006282]
lam:  [2.096e-06 9.980e-07 4.640e-07 4.004e-06 1.050e-06 2.238e-06]
new chi values:  [-117.78985468  -65.83183451    9.03122277    2.13450991   13.6575102
   -0.85234282]


True
Iteration Number 15
gamma: 1e-05
READING FROM OBJ_GOAL
obj goal:  [8.17890042e-06 1.88089968e-06 4.89965663e-07 4.20432667e-06
 3.98710376e-07 2.60895669e-06]
current chi values:  [-117.78985, -65.83183, 9.03122, 2.13451, 13.65751, -0.85234]
========= step before gamma:  91459866.40520167
step:  [59933931.98634885 67975272.89254315 -4802828.94555624 -5783974.3345733
 -9693177.43139597  1309206.24713456]
lam:  [2.110e-06 1.008e-06 5.240e-07 4.038e-06 1.036e-06 2.180e-06]
B:  [[ 1.02104208e-13  1.12224449e-15  2.24048096e-14  1.18436874e-14
  -3.96793587e-15  8.21643287e-15]
 [ 1.12224449e-15  1.19599198e-14 -2.19639279e-15  3.70340681e-15
  -2.88577154e-16  5.61122244e-16]
 [ 2.24048096e-14 -2.19639279e-15  2.49923848e-13  8.81763527e-17
   5.14629259e-15  1.77154309e-14]
 [ 1.18436874e-14  3.70340681e-15  8.81763527e-17  1.28813627e-13
   6.64529058e-15  1.11823647e-14]
 [-3.96793587e-15 -2.88577154e-16  5.14629259e-15  6.64529058e-15
   3.47735471e-14  1.55511022e-14]
 [ 8.21643287e-15  5.61122244e-16  1.77154309e-14  1.11823647e-14
   1.55511022e-14  1.51903808e-13]]
========= step after gamma:  914.5986640520168
step:  [599.33931986 679.75272893 -48.02828946 -57.83974335 -96.93177431
  13.09206247]
======= OUTSIDE TRUST REGION =========
========= steplength:  10.0
========= trust_region:  10.0
step:  [ 6.55303078  7.4322515  -0.52512967 -0.63240573 -1.05982851  0.14314544]
lam:  [2.110e-06 1.008e-06 5.240e-07 4.038e-06 1.036e-06 2.180e-06]
new chi values:  [-124.34288078  -73.2640815     9.55634967    2.76691573   14.71733851
   -0.99548544]


True
Iteration Number 16
gamma: 1e-05
READING FROM OBJ_GOAL
obj goal:  [8.17890042e-06 1.88089968e-06 4.89965663e-07 4.20432667e-06
 3.98710376e-07 2.60895669e-06]
current chi values:  [-124.34288, -73.26408, 9.55635, 2.76692, 14.71734, -0.99549]
========= step before gamma:  69375801.47678675
step:  [ 49217538.5352279   46018027.78121283  -4591937.79282279
   4515375.44475283 -14428206.39975401   4830031.28284628]
lam:  [2.144e-06 9.960e-07 4.940e-07 4.026e-06 1.056e-06 2.176e-06]
B:  [[ 1.23511022e-13  5.77154309e-16  1.68977956e-14 -5.75551102e-15
  -2.06813627e-15  6.57314629e-16]
 [ 5.77154309e-16  2.00240481e-14  7.99198397e-15  1.04208417e-16
   2.22845691e-15  7.05410822e-16]
 [ 1.68977956e-14  7.99198397e-15  2.50464930e-13  5.16633267e-15
   8.35270541e-15  9.07414830e-15]
 [-5.75551102e-15  1.04208417e-16  5.16633267e-15  1.53631263e-13
   1.25691383e-14 -6.58917836e-15]
 [-2.06813627e-15  2.22845691e-15  8.35270541e-15  1.25691383e-14
   5.29699399e-14  1.81803607e-14]
 [ 6.57314629e-16  7.05410822e-16  9.07414830e-15 -6.58917836e-15
   1.81803607e-14  1.45314629e-13]]
========= step after gamma:  693.7580147678676
step:  [ 492.17538535  460.18027781  -45.91937793   45.15375445 -144.282064
   48.30031283]
======= OUTSIDE TRUST REGION =========
========= steplength:  9.999999999999998
========= trust_region:  10.0
step:  [ 7.09433801  6.6331526  -0.6618933   0.65085741 -2.07971744  0.69621268]
lam:  [2.144e-06 9.960e-07 4.940e-07 4.026e-06 1.056e-06 2.176e-06]
new chi values:  [-131.43721801  -79.8972326    10.2182433     2.11606259   16.79705744
   -1.69170268]


True
Iteration Number 17
gamma: 1e-05
READING FROM OBJ_GOAL
obj goal:  [8.17890042e-06 1.88089968e-06 4.89965663e-07 4.20432667e-06
 3.98710376e-07 2.60895669e-06]
current chi values:  [-131.43722, -79.89723, 10.21824, 2.11606, 16.79706, -1.6917]
========= step before gamma:  126545912.37277876
step:  [ 3.22996324e+07  1.21039850e+08 -5.46401894e+06 -9.54308487e+05
 -1.68712279e+07  2.13353131e+06]
lam:  [2.212e-06 9.960e-07 5.780e-07 4.044e-06 1.052e-06 2.242e-06]
B:  [[ 1.95446894e-13 -1.15430862e-15  4.35511022e-14  2.27174349e-14
   9.77955912e-16  3.27615230e-14]
 [-1.15430862e-15  8.00000000e-15  3.12625251e-16 -3.83166333e-15
   2.21242485e-15 -5.04208417e-15]
 [ 4.35511022e-14  3.12625251e-16  2.44404810e-13  5.69138277e-16
   1.59759519e-14  3.41923848e-14]
 [ 2.27174349e-14 -3.83166333e-15  5.69138277e-16  1.02268537e-13
   1.71543086e-15  9.37074148e-15]
 [ 9.77955912e-16  2.21242485e-15  1.59759519e-14  1.71543086e-15
   5.34028056e-14  1.74509018e-14]
 [ 3.27615230e-14 -5.04208417e-15  3.41923848e-14  9.37074148e-15
   1.74509018e-14  1.91819639e-13]]
========= step after gamma:  1265.4591237277878
step:  [ 322.99632431 1210.39849591  -54.64018938   -9.54308487 -168.71227888
   21.33531313]
======= OUTSIDE TRUST REGION =========
========= steplength:  9.999999999999998
========= trust_region:  10.0
step:  [ 2.55240425  9.56489604 -0.43178154 -0.07541204 -1.33321002  0.16859741]
lam:  [2.212e-06 9.960e-07 5.780e-07 4.044e-06 1.052e-06 2.242e-06]
new chi values:  [-133.98962425  -89.46212604   10.65002154    2.19147204   18.13027002
   -1.86029741]


True
Iteration Number 18
gamma: 1e-05
READING FROM OBJ_GOAL
obj goal:  [8.17890042e-06 1.88089968e-06 4.89965663e-07 4.20432667e-06
 3.98710376e-07 2.60895669e-06]
current chi values:  [-133.98962, -89.46213, 10.65002, 2.19147, 18.13027, -1.8603]
========= step before gamma:  49741654.14694325
step:  [ 44915305.71972694  10838952.32473781  -3693693.50358933
   2229789.32207725 -16838915.40901806   6099194.83278478]
lam:  [2.158e-06 1.024e-06 5.100e-07 4.020e-06 1.044e-06 2.164e-06]
B:  [[ 1.33302605e-13  1.22324649e-14  2.14629259e-14 -1.16232465e-15
   1.05010020e-15  8.81763527e-17]
 [ 1.22324649e-14  3.14869739e-14  3.76753507e-15  3.52705411e-15
   9.45891784e-16 -1.93987976e-15]
 [ 2.14629259e-14  3.76753507e-15  2.50400802e-13 -2.20440882e-15
   1.15831663e-14  1.63927856e-14]
 [-1.16232465e-15  3.52705411e-15 -2.20440882e-15  9.17835671e-14
   1.12224449e-15  7.21442886e-16]
 [ 1.05010020e-15  9.45891784e-16  1.15831663e-14  1.12224449e-15
   4.61563126e-14  1.88216433e-14]
 [ 8.81763527e-17 -1.93987976e-15  1.63927856e-14  7.21442886e-16
   1.88216433e-14  1.37378758e-13]]
========= step after gamma:  497.41654146943256
step:  [ 449.1530572   108.38952325  -36.93693504   22.29789322 -168.38915409
   60.99194833]
======= OUTSIDE TRUST REGION =========
========= steplength:  10.0
========= trust_region:  10.0
step:  [ 9.02971694  2.17904943 -0.74257553  0.44827406 -3.38527451  1.22617451]
lam:  [2.158e-06 1.024e-06 5.100e-07 4.020e-06 1.044e-06 2.164e-06]
new chi values:  [-143.01933694  -91.64117943   11.39259553    1.74319594   21.51554451
   -3.08647451]


True
Iteration Number 19
gamma: 1e-05
READING FROM OBJ_GOAL
obj goal:  [8.17890042e-06 1.88089968e-06 4.89965663e-07 4.20432667e-06
 3.98710376e-07 2.60895669e-06]
current chi values:  [-143.01934, -91.64118, 11.3926, 1.7432, 21.51554, -3.08647]
========= step before gamma:  39786543.05220795
step:  [ 35066006.14830794   9655932.44109314  -5942510.09916446
  -4743372.71117519 -14037009.59009176   2292714.62614735]
lam:  [2.224e-06 1.034e-06 5.700e-07 4.070e-06 1.046e-06 2.186e-06]
B:  [[ 1.74172345e-13  1.64168337e-14  3.83967936e-14  2.43687375e-14
  -3.04609218e-16  1.23607214e-14]
 [ 1.64168337e-14  5.29498998e-14  8.63727455e-15  1.36472946e-14
   8.45290581e-15 -2.32865731e-15]
 [ 3.83967936e-14  8.63727455e-15  2.45591182e-13  1.21242485e-14
   1.78356713e-15  1.40080160e-14]
 [ 2.43687375e-14  1.36472946e-14  1.21242485e-14  1.49398798e-13
   1.08016032e-14  3.50501002e-14]
 [-3.04609218e-16  8.45290581e-15  1.78356713e-15  1.08016032e-14
   4.79799599e-14  7.45891784e-15]
 [ 1.23607214e-14 -2.32865731e-15  1.40080160e-14  3.50501002e-14
   7.45891784e-15  1.59723447e-13]]
========= step after gamma:  397.86543052207946
step:  [ 350.66006148   96.55932441  -59.42510099  -47.43372711 -140.3700959
   22.92714626]
======= OUTSIDE TRUST REGION =========
========= steplength:  10.0
========= trust_region:  10.0
step:  [ 8.81353429  2.42693426 -1.493598   -1.19220529 -3.52807973  0.57625379]
lam:  [2.224e-06 1.034e-06 5.700e-07 4.070e-06 1.046e-06 2.186e-06]
new chi values:  [-151.83287429  -94.06811426   12.886198      2.93540529   25.04361973
   -3.66272379]


True
Iteration Number 20
gamma: 1e-05
READING FROM OBJ_GOAL
obj goal:  [8.17890042e-06 1.88089968e-06 4.89965663e-07 4.20432667e-06
 3.98710376e-07 2.60895669e-06]
current chi values:  [-151.83287, -94.06811, 12.8862, 2.93541, 25.04362, -3.66272]
========= step before gamma:  40731787.31482311
step:  [ 33454294.54963866  19190596.96868464  -5595322.7695719
   -944998.23497017 -11766942.86451312   -973683.26216043]
lam:  [2.204e-06 1.016e-06 5.540e-07 4.038e-06 1.056e-06 2.248e-06]
B:  [[1.78741483e-13 1.47655311e-14 4.30701403e-14 1.02685371e-14
  5.77154309e-16 3.14709419e-14]
 [1.47655311e-14 2.37915832e-14 7.15030060e-15 5.40280561e-15
  3.11022044e-15 4.04008016e-15]
 [4.30701403e-14 7.15030060e-15 2.51587174e-13 8.96593186e-15
  1.50060120e-14 5.07094188e-14]
 [1.02685371e-14 5.40280561e-15 8.96593186e-15 1.28813627e-13
  7.88777555e-15 1.66092184e-14]
 [5.77154309e-16 3.11022044e-15 1.50060120e-14 7.88777555e-15
  5.29699399e-14 2.21563126e-14]
 [3.14709419e-14 4.04008016e-15 5.07094188e-14 1.66092184e-14
  2.21563126e-14 2.14925852e-13]]
========= step after gamma:  407.31787314823106
step:  [ 334.5429455   191.90596969  -55.9532277    -9.44998235 -117.66942865
   -9.73683262]
======= OUTSIDE TRUST REGION =========
========= steplength:  10.000000000000004
========= trust_region:  10.0
step:  [ 8.21331367  4.71145467 -1.3736993  -0.2320051  -2.88888449 -0.23904752]
lam:  [2.204e-06 1.016e-06 5.540e-07 4.038e-06 1.056e-06 2.248e-06]
new chi values:  [-160.04618367  -98.77956467   14.2598993     3.1674151    27.93250449
   -3.42367248]


True
Iteration Number 21
gamma: 1e-05
READING FROM OBJ_GOAL
obj goal:  [8.17890042e-06 1.88089968e-06 4.89965663e-07 4.20432667e-06
 3.98710376e-07 2.60895669e-06]
current chi values:  [-160.04618, -98.77956, 14.2599, 3.16742, 27.9325, -3.42367]
========= step before gamma:  44245495.91601983
step:  [ 33946154.1993344   21093455.27598908  -4060830.23138047
  -1849300.68396312 -18173754.83142576   3192655.41341624]
lam:  [2.214e-06 9.980e-07 5.000e-07 4.058e-06 1.028e-06 2.152e-06]
B:  [[ 1.72549098e-13  6.44088176e-15  2.70541082e-14  1.16112224e-14
  -4.00000000e-15  9.49098196e-15]
 [ 6.44088176e-15  3.40641283e-14  3.00601202e-15 -3.89178357e-15
   2.06012024e-15 -3.70340681e-15]
 [ 2.70541082e-14  3.00601202e-15  2.50501002e-13  7.01402806e-15
  -1.06867730e-30  1.20240481e-14]
 [ 1.16112224e-14 -3.89178357e-15  7.01402806e-15  1.18873747e-13
  -3.63126253e-15  5.19438878e-15]
 [-4.00000000e-15  2.06012024e-15 -1.06867730e-30 -3.63126253e-15
   3.12785571e-14  7.75951904e-15]
 [ 9.49098196e-15 -3.70340681e-15  1.20240481e-14  5.19438878e-15
   7.75951904e-15  1.29154309e-13]]
========= step after gamma:  442.4549591601983
step:  [ 339.46154199  210.93455276  -40.60830231  -18.49300684 -181.73754831
   31.92655413]
======= OUTSIDE TRUST REGION =========
========= steplength:  10.0
========= trust_region:  10.0
step:  [ 7.67222821  4.76736781 -0.91779517 -0.4179636  -4.10748133  0.7215775 ]
lam:  [2.214e-06 9.980e-07 5.000e-07 4.058e-06 1.028e-06 2.152e-06]
new chi values:  [-167.71840821 -103.54692781   15.17769517    3.5853836    32.03998133
   -4.1452475 ]


True
Iteration Number 22
gamma: 1e-05
READING FROM OBJ_GOAL
obj goal:  [8.17890042e-06 1.88089968e-06 4.89965663e-07 4.20432667e-06
 3.98710376e-07 2.60895669e-06]
current chi values:  [-167.71841, -103.54693, 15.1777, 3.58538, 32.03998, -4.14525]
========= step before gamma:  53168780.452704795
step:  [ 30282659.12667496  29818348.38595475  -4580899.38082768
    419656.5877743  -31538370.60260765   2217272.99244071]
lam:  [2.284e-06 1.020e-06 5.520e-07 4.036e-06 1.028e-06 2.220e-06]
B:  [[ 2.03751503e-13  2.32464930e-15  4.13146293e-14  1.38036072e-14
   6.06012024e-15  1.35470942e-14]
 [ 2.32464930e-15  2.76553106e-14 -5.05010020e-15 -4.72945892e-15
   1.44288577e-15 -4.40881764e-15]
 [ 4.13146293e-14 -5.05010020e-15  2.47791583e-13 -3.87975952e-15
   2.54909820e-15  2.46092184e-14]
 [ 1.38036072e-14 -4.72945892e-15 -3.87975952e-15  1.18941884e-13
   7.00601202e-15  2.01202405e-14]
 [ 6.06012024e-15  1.44288577e-15  2.54909820e-15  7.00601202e-15
   2.72705411e-14  5.85170341e-15]
 [ 1.35470942e-14 -4.40881764e-15  2.46092184e-14  2.01202405e-14
   5.85170341e-15  1.79959920e-13]]
========= step after gamma:  531.687804527048
step:  [ 302.82659127  298.18348386  -45.80899381    4.19656588 -315.38370603
   22.17272992]
======= OUTSIDE TRUST REGION =========
========= steplength:  10.0
========= trust_region:  10.0
step:  [ 5.69557151  5.60824381 -0.86157691  0.07892914 -5.9317461   0.41702536]
lam:  [2.284e-06 1.020e-06 5.520e-07 4.036e-06 1.028e-06 2.220e-06]
new chi values:  [-173.41398151 -109.15517381   16.03927691    3.50645086   37.9717261
   -4.56227536]


True
Iteration Number 23
gamma: 1e-05
READING FROM OBJ_GOAL
obj goal:  [8.17890042e-06 1.88089968e-06 4.89965663e-07 4.20432667e-06
 3.98710376e-07 2.60895669e-06]
current chi values:  [-173.41398, -109.15517, 16.03928, 3.50645, 37.97173, -4.56228]
========= step before gamma:  36755703.549004555
step:  [ 26965178.08948186  16218002.55014931  -3261549.94401508
   1549310.77993309 -18413466.2885053    2956940.07043452]
lam:  [2.298e-06 1.016e-06 5.420e-07 4.030e-06 1.038e-06 2.262e-06]
B:  [[ 2.09615230e-13  1.52625251e-14  2.65370741e-14  5.07014028e-15
  -1.32665331e-15  1.19478958e-14]
 [ 1.52625251e-14  3.18076152e-14  7.34268537e-15  3.52705411e-15
   1.39478958e-15 -6.20440882e-15]
 [ 2.65370741e-14  7.34268537e-15  2.48733467e-13  9.75951904e-15
   9.42284569e-15  2.80521042e-14]
 [ 5.07014028e-15  3.52705411e-15  9.75951904e-15  1.09318637e-13
   8.87775551e-15  2.14428858e-15]
 [-1.32665331e-15  1.39478958e-15  9.42284569e-15  8.87775551e-15
   3.66292585e-14  2.20881764e-14]
 [ 1.19478958e-14 -6.20440882e-15  2.80521042e-14  2.14428858e-15
   2.20881764e-14  2.09775551e-13]]
========= step after gamma:  367.55703549004556
step:  [ 269.65178089  162.1800255   -32.61549944   15.4931078  -184.13466289
   29.5694007 ]
======= OUTSIDE TRUST REGION =========
========= steplength:  10.000000000000002
========= trust_region:  10.0
step:  [ 7.33632484  4.41237712 -0.88735887  0.42151575 -5.00968952  0.80448469]
lam:  [2.298e-06 1.016e-06 5.420e-07 4.030e-06 1.038e-06 2.262e-06]
new chi values:  [-180.75030484 -113.56754712   16.92663887    3.08493425   42.98141952
   -5.36676469]


True
Iteration Number 24
gamma: 1e-05
READING FROM OBJ_GOAL
obj goal:  [8.17890042e-06 1.88089968e-06 4.89965663e-07 4.20432667e-06
 3.98710376e-07 2.60895669e-06]
current chi values:  [-180.7503, -113.56755, 16.92664, 3.08493, 42.98142, -5.36676]
========= step before gamma:  48143614.91665739
step:  [ 29596098.44337422  33670751.08488746  -5581244.05058189
   3278071.57853089 -16302332.29477523   -705024.02629158]
lam:  [2.234e-06 1.012e-06 5.320e-07 3.994e-06 1.038e-06 2.230e-06]
B:  [[ 1.95635271e-13  1.32184369e-14  5.16152305e-14  1.40681363e-15
  -8.93787575e-16  3.02404810e-14]
 [ 1.32184369e-14  1.58877756e-14  5.62725451e-15  7.21442886e-17
   1.54709419e-15  1.24248497e-15]
 [ 5.16152305e-14  5.62725451e-15  2.65507014e-13  5.20240481e-15
   1.58156313e-14  5.17434870e-14]
 [ 1.40681363e-15  7.21442886e-17  5.20240481e-15  1.02168337e-13
   8.24448898e-15  7.39478958e-15]
 [-8.93787575e-16  1.54709419e-15  1.58156313e-14  8.24448898e-15
   3.66292585e-14  9.27855711e-15]
 [ 3.02404810e-14  1.24248497e-15  5.17434870e-14  7.39478958e-15
   9.27855711e-15  2.01503006e-13]]
========= step after gamma:  481.4361491665739
step:  [ 295.96098443  336.70751085  -55.81244051   32.78071579 -163.02332295
   -7.05024026]
======= OUTSIDE TRUST REGION =========
========= steplength:  10.0
========= trust_region:  10.0
step:  [ 6.14746078  6.99381447 -1.15929061  0.68089436 -3.38618783 -0.14644185]
lam:  [2.234e-06 1.012e-06 5.320e-07 3.994e-06 1.038e-06 2.230e-06]
new chi values:  [-186.89776078 -120.56136447   18.08593061    2.40403564   46.36760783
   -5.22031815]


True
Iteration Number 25
gamma: 1e-05
READING FROM OBJ_GOAL
obj goal:  [8.17890042e-06 1.88089968e-06 4.89965663e-07 4.20432667e-06
 3.98710376e-07 2.60895669e-06]
current chi values:  [-186.89776, -120.56136, 18.08593, 2.40404, 46.36761, -5.22032]
========= step before gamma:  41351957.816476844
step:  [ 34143527.9226935   15879847.0479271   -4347780.34343776
  -2227084.66566641 -15956565.31427178   3682295.11730379]
lam:  [2.222e-06 1.018e-06 4.600e-07 4.048e-06 1.042e-06 2.154e-06]
B:  [[ 1.73062124e-13  1.20280561e-14  3.39478958e-14  9.36272545e-15
   6.77354709e-16  9.83166333e-15]
 [ 1.20280561e-14  2.97354709e-14  3.72745491e-15  9.15430862e-15
  -7.57515030e-16  1.23046092e-15]
 [ 3.39478958e-14  3.72745491e-15  2.48897796e-13 -6.09218437e-15
   1.47094188e-14  3.12224449e-14]
 [ 9.36272545e-15  9.15430862e-15 -6.09218437e-15  1.33963928e-13
   1.98797595e-15 -1.39478958e-15]
 [ 6.77354709e-16 -7.57515030e-16  1.47094188e-14  1.98797595e-15
   4.03166333e-14  1.55631263e-14]
 [ 9.83166333e-15  1.23046092e-15  3.12224449e-14 -1.39478958e-15
   1.55631263e-14  1.30545090e-13]]
========= step after gamma:  413.5195781647685
step:  [ 341.43527923  158.79847048  -43.47780343  -22.27084666 -159.56565314
   36.82295117]
======= OUTSIDE TRUST REGION =========
========= steplength:  10.0
========= trust_region:  10.0
step:  [ 8.25681049  3.84016813 -1.05140858 -0.53856813 -3.85872064  0.89047661]
lam:  [2.222e-06 1.018e-06 4.600e-07 4.048e-06 1.042e-06 2.154e-06]
new chi values:  [-195.15457049 -124.40152813   19.13733858    2.94260813   50.22633064
   -6.11079661]


True
Iteration Number 26
gamma: 1e-05
READING FROM OBJ_GOAL
obj goal:  [8.17890042e-06 1.88089968e-06 4.89965663e-07 4.20432667e-06
 3.98710376e-07 2.60895669e-06]
current chi values:  [-195.15457, -124.40153, 19.13734, 2.94261, 50.22633, -6.1108]
========= step before gamma:  42369624.08654936
