True
Iteration Number 1
gamma: 1e-05
READING FROM OBJ_GOAL
obj goal:  [8.17890042e-06 1.88089968e-06 4.20432667e-06]
current chi values:  [0.1, -0.1, 0.1]
========= step before gamma:  139587722.90889505
step:  [1.37037324e+08 2.63816669e+07 3.08411344e+06]
lam:  [2.038e-06 9.740e-07 4.028e-06]
B:  [[ 4.46452906e-14  9.89979960e-16 -1.06613226e-15]
 [ 9.89979960e-16  2.93827655e-14 -1.27454910e-15]
 [-1.06613226e-15 -1.27454910e-15  1.15446894e-13]]
========= step after gamma:  1395.8772290889506
step:  [1370.3732442   263.81666872   30.84113436]
======= OUTSIDE TRUST REGION =========
========= steplength:  10.0
========= trust_region:  10.0
step:  [9.81729063 1.88997043 0.22094446]
lam:  [2.038e-06 9.740e-07 4.028e-06]
new chi values:  [-9.71729063 -1.98997043 -0.12094446]


True
Iteration Number 2
gamma: 1e-05
READING FROM OBJ_GOAL
obj goal:  [8.17890042e-06 1.88089968e-06 4.20432667e-06]
current chi values:  [-9.71729, -1.98997, -0.12094]
========= step before gamma:  276177596.077861
step:  [ 2.54006788e+08  1.07323442e+08 -1.53718901e+07]
lam:  [2.022e-06 9.880e-07 4.010e-06]
B:  [[ 2.55671343e-14 -1.73947896e-15  9.79959920e-15]
 [-1.73947896e-15  1.18797595e-14 -3.88777555e-15]
 [ 9.79959920e-15 -3.88777555e-15  1.22144289e-13]]
========= step after gamma:  2761.77596077861
step:  [2540.06787847 1073.23442437 -153.71890142]
======= OUTSIDE TRUST REGION =========
========= steplength:  10.000000000000002
========= trust_region:  10.0
step:  [ 9.1972264   3.88603    -0.55659439]
lam:  [2.022e-06 9.880e-07 4.010e-06]
new chi values:  [-18.9145164   -5.876        0.43565439]


True
Iteration Number 3
gamma: 1e-05
READING FROM OBJ_GOAL
obj goal:  [8.17890042e-06 1.88089968e-06 4.20432667e-06]
current chi values:  [-18.91452, -5.876, 0.43565]
========= step before gamma:  157624105.2559077
step:  [ 1.55577175e+08  1.97149546e+07 -1.58877864e+07]
lam:  [2.038e-06 9.640e-07 4.024e-06]
B:  [[ 4.06372745e-14  1.37074148e-15  1.31142285e-14]
 [ 1.37074148e-15  3.47735471e-14 -1.13827655e-15]
 [ 1.31142285e-14 -1.13827655e-15  1.15655311e-13]]
========= step after gamma:  1576.2410525590774
step:  [1555.77174958  197.14954555 -158.87786399]
======= OUTSIDE TRUST REGION =========
========= steplength:  10.0
========= trust_region:  10.0
step:  [ 9.8701385   1.25075759 -1.00795411]
lam:  [2.038e-06 9.640e-07 4.024e-06]
new chi values:  [-28.7846585   -7.12675759   1.44360411]


True
Iteration Number 4
gamma: 1e-05
READING FROM OBJ_GOAL
obj goal:  [8.17890042e-06 1.88089968e-06 4.20432667e-06]
current chi values:  [-28.78466, -7.12676, 1.4436]
========= step before gamma:  125439550.71257988
step:  [ 1.01865595e+08  7.28385300e+07 -7.28217330e+06]
lam:  [2.060e-06 9.960e-07 3.988e-06]
B:  [[6.05210421e-14 2.40480962e-16 8.73747495e-15]
 [2.40480962e-16 1.20080160e-14 1.95591182e-15]
 [8.73747495e-15 1.95591182e-15 1.12080160e-13]]
========= step after gamma:  1254.395507125799
step:  [1018.65594719  728.38529967  -72.82173297]
======= OUTSIDE TRUST REGION =========
========= steplength:  9.999999999999998
========= trust_region:  10.0
step:  [ 8.12069193  5.80666381 -0.58053248]
lam:  [2.060e-06 9.960e-07 3.988e-06]
new chi values:  [-36.90535193 -12.93342381   2.02413248]


True
Iteration Number 5
gamma: 1e-05
READING FROM OBJ_GOAL
obj goal:  [8.17890042e-06 1.88089968e-06 4.20432667e-06]
current chi values:  [-36.90535, -12.93342, 2.02413]
========= step before gamma:  113483226.65861355
step:  [ 98095762.50128575  55761615.93852635 -12095714.11971547]
lam:  [2.062e-06 9.700e-07 4.040e-06]
B:  [[ 7.02965932e-14 -1.01603206e-14  1.75551102e-14]
 [-1.01603206e-14  3.31663327e-14 -4.80961924e-15]
 [ 1.75551102e-14 -4.80961924e-15  1.06613226e-13]]
========= step after gamma:  1134.8322665861358
step:  [ 980.95762501  557.61615939 -120.9571412 ]
======= OUTSIDE TRUST REGION =========
========= steplength:  10.0
========= trust_region:  10.0
step:  [ 8.6440759   4.91364386 -1.0658592 ]
lam:  [2.062e-06 9.700e-07 4.040e-06]
new chi values:  [-45.5494259  -17.84706386   3.0899892 ]


True
Iteration Number 6
gamma: 1e-05
READING FROM OBJ_GOAL
obj goal:  [8.17890042e-06 1.88089968e-06 4.20432667e-06]
current chi values:  [-45.54943, -17.84706, 3.08999]
========= step before gamma:  85853342.41892846
step:  [78293661.6502254  35191054.42825072 -1577541.79966842]
lam:  [2.084e-06 9.780e-07 4.022e-06]
B:  [[7.70981964e-14 1.85170341e-15 4.16032064e-15]
 [1.85170341e-15 2.15591182e-14 4.84969940e-16]
 [4.16032064e-15 4.84969940e-16 1.01719439e-13]]
========= step after gamma:  858.5334241892847
step:  [782.9366165  351.91054428 -15.775418  ]
======= OUTSIDE TRUST REGION =========
========= steplength:  10.0
========= trust_region:  10.0
step:  [ 9.11946576  4.09897314 -0.18374844]
lam:  [2.084e-06 9.780e-07 4.022e-06]
new chi values:  [-54.66889576 -21.94603314   3.27373844]


True
Iteration Number 7
gamma: 1e-05
READING FROM OBJ_GOAL
obj goal:  [8.17890042e-06 1.88089968e-06 4.20432667e-06]
current chi values:  [-54.6689, -21.94603, 3.27374]
========= step before gamma:  93903302.65047778
step:  [92809181.59486033 14253743.26782513 -1056817.49341921]
lam:  [2.070e-06 9.700e-07 4.008e-06]
B:  [[6.52304609e-14 4.10821643e-15 3.44689379e-15]
 [4.10821643e-15 3.71743487e-14 2.40480962e-16]
 [3.44689379e-15 2.40480962e-16 1.20176353e-13]]
========= step after gamma:  939.033026504778
step:  [928.09181595 142.53743268 -10.56817493]
======= OUTSIDE TRUST REGION =========
========= steplength:  10.0
========= trust_region:  10.0
step:  [ 9.88348428  1.51791714 -0.11254317]
lam:  [2.070e-06 9.700e-07 4.008e-06]
new chi values:  [-64.55238428 -23.46394714   3.38628317]


True
Iteration Number 8
gamma: 1e-05
READING FROM OBJ_GOAL
obj goal:  [8.17890042e-06 1.88089968e-06 4.20432667e-06]
current chi values:  [-64.55238, -23.46395, 3.38628]
========= step before gamma:  122568266.18873426
step:  [ 1.04660284e+08  6.33943059e+07 -7.09696461e+06]
lam:  [2.064e-06 9.880e-07 3.992e-06]
B:  [[ 6.00240481e-14 -1.23446894e-15  1.25370741e-14]
 [-1.23446894e-15  1.58877756e-14 -2.10020040e-15]
 [ 1.25370741e-14 -2.10020040e-15  1.36208417e-13]]
========= step after gamma:  1225.6826618873426
step:  [1046.60283507  633.94305943  -70.96964614]
======= OUTSIDE TRUST REGION =========
========= steplength:  10.0
========= trust_region:  10.0
step:  [ 8.53893808  5.17216307 -0.57902138]
lam:  [2.064e-06 9.880e-07 3.992e-06]
new chi values:  [-73.09131808 -28.63611307   3.96530138]


True
Iteration Number 9
gamma: 1e-05
READING FROM OBJ_GOAL
obj goal:  [8.17890042e-06 1.88089968e-06 4.20432667e-06]
current chi values:  [-73.09132, -28.63611, 3.9653]
========= step before gamma:  109124270.27083483
step:  [89274209.00976686 62754937.3137215    199525.87188505]
lam:  [2.070e-06 9.880e-07 4.012e-06]
B:  [[ 6.92384770e-14 -1.16232465e-15  3.16633267e-15]
 [-1.16232465e-15  1.58877756e-14 -1.85971944e-15]
 [ 3.16633267e-15 -1.85971944e-15  1.32120240e-13]]
========= step after gamma:  1091.2427027083484
step:  [892.7420901  627.54937314   1.99525872]
======= OUTSIDE TRUST REGION =========
========= steplength:  10.0
========= trust_region:  10.0
step:  [8.18096733 5.75077727 0.01828428]
lam:  [2.070e-06 9.880e-07 4.012e-06]
new chi values:  [-81.27228733 -34.38688727   3.94701572]


True
Iteration Number 10
gamma: 1e-05
READING FROM OBJ_GOAL
obj goal:  [8.17890042e-06 1.88089968e-06 4.20432667e-06]
current chi values:  [-81.27229, -34.38689, 3.94702]
========= step before gamma:  93520137.0872329
step:  [82629721.67293227 43657075.0272947  -3522064.32788264]
lam:  [2.088e-06 9.760e-07 4.056e-06]
B:  [[ 8.44248497e-14 -1.79238477e-14  2.91302605e-14]
 [-1.79238477e-14  5.15270541e-14 -3.87334669e-14]
 [ 2.91302605e-14 -3.87334669e-14  1.61186373e-13]]
========= step after gamma:  935.2013708723291
step:  [826.29721673 436.57075027 -35.22064328]
======= OUTSIDE TRUST REGION =========
========= steplength:  10.0
========= trust_region:  10.0
step:  [ 8.83550049  4.6682005  -0.37661026]
lam:  [2.088e-06 9.760e-07 4.056e-06]
new chi values:  [-90.10779049 -39.0550905    4.32363026]


True
Iteration Number 11
gamma: 1e-05
READING FROM OBJ_GOAL
obj goal:  [8.17890042e-06 1.88089968e-06 4.20432667e-06]
current chi values:  [-90.10779, -39.05509, 4.32363]
========= step before gamma:  75060562.18552552
step:  [66896049.21568894 32778044.79372483 -9198172.34236429]
lam:  [2.094e-06 9.880e-07 4.028e-06]
B:  [[ 9.33507014e-14  1.13026052e-15  2.14108216e-14]
 [ 1.13026052e-15  2.39038076e-14 -3.67134269e-15]
 [ 2.14108216e-14 -3.67134269e-15  1.23462926e-13]]
========= step after gamma:  750.6056218552553
step:  [668.96049216 327.78044794 -91.98172342]
======= OUTSIDE TRUST REGION =========
========= steplength:  10.0
========= trust_region:  10.0
step:  [ 8.9122766   4.36687974 -1.22543345]
lam:  [2.094e-06 9.880e-07 4.028e-06]
new chi values:  [-99.0200666  -43.42196974   5.54906345]


True
Iteration Number 12
gamma: 1e-05
READING FROM OBJ_GOAL
obj goal:  [8.17890042e-06 1.88089968e-06 4.20432667e-06]
current chi values:  [-99.02007, -43.42197, 5.54906]
========= step before gamma:  86608007.81015877
step:  [56230347.43415359 65774348.53326447  3581915.59134879]
lam:  [2.116e-06 9.980e-07 4.002e-06]
B:  [[ 1.02749499e-13  4.24048096e-15  1.77154309e-15]
 [ 4.24048096e-15  1.00160321e-14 -4.00400802e-15]
 [ 1.77154309e-15 -4.00400802e-15  1.02200401e-13]]
========= step after gamma:  866.0800781015877
step:  [562.30347434 657.74348533  35.81915591]
======= OUTSIDE TRUST REGION =========
========= steplength:  10.000000000000002
========= trust_region:  10.0
step:  [6.49251136 7.59448811 0.41357788]
lam:  [2.116e-06 9.980e-07 4.002e-06]
new chi values:  [-105.51258136  -51.01645811    5.13548212]


True
Iteration Number 13
gamma: 1e-05
READING FROM OBJ_GOAL
obj goal:  [8.17890042e-06 1.88089968e-06 4.20432667e-06]
current chi values:  [-105.51258, -51.01646, 5.13548]
========= step before gamma:  49020390.76946873
step:  [41839170.26495166 25531889.38106175  -777925.03817904]
lam:  [2.164e-06 1.000e-06 4.038e-06]
B:  [[1.41386774e-13 4.00801603e-15 3.77555110e-15]
 [4.00801603e-15 2.80561122e-14 4.00801603e-15]
 [3.77555110e-15 4.00801603e-15 1.20797595e-13]]
========= step after gamma:  490.2039076946873
step:  [418.39170265 255.31889381  -7.77925038]
======= OUTSIDE TRUST REGION =========
========= steplength:  10.0
========= trust_region:  10.0
step:  [ 8.53505441  5.20842225 -0.15869417]
lam:  [2.164e-06 1.000e-06 4.038e-06]
new chi values:  [-114.04763441  -56.22488225    5.29417417]


True
Iteration Number 14
gamma: 1e-05
READING FROM OBJ_GOAL
obj goal:  [8.17890042e-06 1.88089968e-06 4.20432667e-06]
current chi values:  [-114.04763, -56.22488, 5.29417]
========= step before gamma:  54952999.51858079
step:  [43631935.30325235 33399491.13904221  -748578.27578786]
lam:  [2.172e-06 9.860e-07 4.032e-06]
B:  [[ 1.46709419e-13 -1.16152305e-14  8.51302605e-15]
 [-1.16152305e-14  4.18877756e-14 -3.55911824e-15]
 [ 8.51302605e-15 -3.55911824e-15  1.07190381e-13]]
========= step after gamma:  549.5299951858078
step:  [436.31935303 333.99491139  -7.48578276]
======= OUTSIDE TRUST REGION =========
========= steplength:  10.0
========= trust_region:  10.0
step:  [ 7.93986419  6.07782859 -0.13622155]
lam:  [2.172e-06 9.860e-07 4.032e-06]
new chi values:  [-121.98749419  -62.30270859    5.43039155]


True
Iteration Number 15
gamma: 1e-05
READING FROM OBJ_GOAL
obj goal:  [8.17890042e-06 1.88089968e-06 4.20432667e-06]
current chi values:  [-121.98749, -62.30271, 5.43039]
========= step before gamma:  51412173.4939693
step:  [34076477.2018211  38440260.11170262 -2086069.85319552]
lam:  [2.184e-06 1.014e-06 4.004e-06]
B:  [[1.70484970e-13 5.43486974e-15 1.12865731e-14]
 [5.43486974e-15 1.78396794e-14 1.94789579e-15]
 [1.12865731e-14 1.94789579e-15 1.24232465e-13]]
========= step after gamma:  514.121734939693
step:  [340.76477202 384.40260112 -20.86069853]
======= OUTSIDE TRUST REGION =========
========= steplength:  10.0
========= trust_region:  10.0
step:  [ 6.62809504  7.47687902 -0.40575407]
lam:  [2.184e-06 1.014e-06 4.004e-06]
new chi values:  [-128.61558504  -69.77958902    5.83614407]


True
Iteration Number 16
gamma: 1e-05
READING FROM OBJ_GOAL
obj goal:  [8.17890042e-06 1.88089968e-06 4.20432667e-06]
current chi values:  [-128.61559, -69.77959, 5.83614]
========= step before gamma:  47159407.15338542
step:  [40923017.44134483 23253886.20288962 -2927986.17094177]
lam:  [2.174e-06 9.880e-07 3.998e-06]
B:  [[1.44012024e-13 6.10020040e-15 1.03687375e-14]
 [6.10020040e-15 2.79118236e-14 1.97995992e-15]
 [1.03687375e-14 1.97995992e-15 9.01763527e-14]]
========= step after gamma:  471.5940715338542
step:  [409.23017441 232.53886203 -29.27986171]
======= OUTSIDE TRUST REGION =========
========= steplength:  10.0
========= trust_region:  10.0
step:  [ 8.6775937   4.93091148 -0.62087001]
lam:  [2.174e-06 9.880e-07 3.998e-06]
new chi values:  [-137.2931837   -74.71050148    6.45701001]


True
Iteration Number 17
gamma: 1e-05
READING FROM OBJ_GOAL
obj goal:  [8.17890042e-06 1.88089968e-06 4.20432667e-06]
current chi values:  [-137.29318, -74.7105, 6.45701]
========= step before gamma:  43356408.42946171
step:  [39963721.41272319 14883662.86432822 -7820211.15377107]
lam:  [2.174e-06 1.022e-06 4.046e-06]
B:  [[1.52028056e-13 1.42004008e-14 3.60681363e-14]
 [1.42004008e-14 2.95751503e-14 1.90260521e-14]
 [3.60681363e-14 1.90260521e-14 2.00284569e-13]]
========= step after gamma:  433.5640842946172
step:  [399.63721413 148.83662864 -78.20211154]
======= OUTSIDE TRUST REGION =========
========= steplength:  9.999999999999998
========= trust_region:  10.0
step:  [ 9.21748892  3.43286342 -1.80370364]
lam:  [2.174e-06 1.022e-06 4.046e-06]
new chi values:  [-146.51066892  -78.14336342    8.26071364]


True
Iteration Number 18
gamma: 1e-05
READING FROM OBJ_GOAL
obj goal:  [8.17890042e-06 1.88089968e-06 4.20432667e-06]
current chi values:  [-146.51067, -78.14336, 8.26071]
========= step before gamma:  34812080.7322772
step:  [30044459.53416159 17574040.45982731  -603753.36608959]
lam:  [2.246e-06 1.014e-06 4.024e-06]
B:  [[ 1.93871743e-13  6.56913828e-15  1.21202405e-14]
 [ 6.56913828e-15  3.78797595e-14 -6.34869739e-15]
 [ 1.21202405e-14 -6.34869739e-15  1.19663327e-13]]
========= step after gamma:  348.120807322772
step:  [300.44459534 175.7404046   -6.03753366]
======= OUTSIDE TRUST REGION =========
========= steplength:  10.0
========= trust_region:  10.0
step:  [ 8.63046934  5.04825914 -0.17343214]
lam:  [2.246e-06 1.014e-06 4.024e-06]
new chi values:  [-155.14113934  -83.19161914    8.43414214]


True
Iteration Number 19
gamma: 1e-05
READING FROM OBJ_GOAL
obj goal:  [8.17890042e-06 1.88089968e-06 4.20432667e-06]
current chi values:  [-155.14114, -83.19162, 8.43414]
========= step before gamma:  41669290.062572874
step:  [32235165.40825325 26296466.96711313  2391583.25569386]
lam:  [2.230e-06 1.022e-06 4.030e-06]
B:  [[ 1.77454910e-13  8.95791583e-15 -2.90581162e-15]
 [ 8.95791583e-15  2.15591182e-14  1.34268537e-15]
 [-2.90581162e-15  1.34268537e-15  9.72945892e-14]]
========= step after gamma:  416.6929006257287
step:  [322.35165408 262.96466967  23.91583256]
======= OUTSIDE TRUST REGION =========
========= steplength:  10.0
========= trust_region:  10.0
step:  [7.73595263 6.31075474 0.57394385]
lam:  [2.230e-06 1.022e-06 4.030e-06]
new chi values:  [-162.87709263  -89.50237474    7.86019615]


True
Iteration Number 20
gamma: 1e-05
READING FROM OBJ_GOAL
obj goal:  [8.17890042e-06 1.88089968e-06 4.20432667e-06]
current chi values:  [-162.87709, -89.50237, 7.8602]
========= step before gamma:  29620753.89228001
step:  [26425064.56161358 13271598.42985189 -1723281.51453214]
lam:  [2.294e-06 1.024e-06 4.012e-06]
B:  [[2.15995992e-13 1.49739479e-14 1.24969940e-14]
 [1.49739479e-14 3.54949900e-14 5.72344689e-15]
 [1.24969940e-14 5.72344689e-15 1.24104208e-13]]
========= step after gamma:  296.2075389228001
step:  [264.25064562 132.7159843  -17.23281515]
======= OUTSIDE TRUST REGION =========
========= steplength:  10.0
========= trust_region:  10.0
step:  [ 8.92113167  4.48050663 -0.58178179]
lam:  [2.294e-06 1.024e-06 4.012e-06]
new chi values:  [-171.79822167  -93.98287663    8.44198179]


True
Iteration Number 21
gamma: 1e-05
READING FROM OBJ_GOAL
obj goal:  [8.17890042e-06 1.88089968e-06 4.20432667e-06]
current chi values:  [-171.79822, -93.98288, 8.44198]
========= step before gamma:  30586888.0211489
step:  [27522667.99782326 13233269.99878289  1714943.21748852]
lam:  [2.290e-06 1.026e-06 4.036e-06]
B:  [[ 2.06312625e-13  1.64929860e-14 -4.44889780e-15]
 [ 1.64929860e-14  2.93827655e-14  7.07815631e-15]
 [-4.44889780e-15  7.07815631e-15  1.14933868e-13]]
========= step after gamma:  305.86888021148906
step:  [275.22667998 132.33269999  17.14943217]
======= OUTSIDE TRUST REGION =========
========= steplength:  9.999999999999998
========= trust_region:  10.0
step:  [8.99819164 4.32645191 0.56067921]
lam:  [2.290e-06 1.026e-06 4.036e-06]
new chi values:  [-180.79641164  -98.30933191    7.88130079]


True
Iteration Number 22
gamma: 1e-05
READING FROM OBJ_GOAL
obj goal:  [8.17890042e-06 1.88089968e-06 4.20432667e-06]
current chi values:  [-180.79641, -98.30933, 7.8813]
========= step before gamma:  49588776.4559251
step:  [29693117.279713   39679424.18438134 -1705530.12428789]
lam:  [2.246e-06 1.008e-06 4.024e-06]
B:  [[ 1.89863727e-13  8.04809619e-15  1.41242485e-14]
 [ 8.04809619e-15  1.59679359e-14 -1.92384770e-16]
 [ 1.41242485e-14 -1.92384770e-16  1.35695391e-13]]
========= step after gamma:  495.8877645592511
step:  [296.9311728  396.79424184 -17.05530124]
======= OUTSIDE TRUST REGION =========
========= steplength:  10.0
========= trust_region:  10.0
step:  [ 5.98787052  8.00169454 -0.34393471]
lam:  [2.246e-06 1.008e-06 4.024e-06]
new chi values:  [-186.78428052 -106.31102454    8.22523471]


True
Iteration Number 23
gamma: 1e-05
READING FROM OBJ_GOAL
obj goal:  [8.17890042e-06 1.88089968e-06 4.20432667e-06]
current chi values:  [-186.78428, -106.31102, 8.22523]
========= step before gamma:  30879660.035897054
step:  [27122079.60778349 14444852.05167533 -3048352.1592565 ]
lam:  [2.274e-06 1.018e-06 4.048e-06]
B:  [[2.11346693e-13 1.50981964e-14 1.48777555e-14]
 [1.50981964e-14 3.37434870e-14 1.11583166e-14]
 [1.48777555e-14 1.11583166e-14 1.33963928e-13]]
========= step after gamma:  308.7966003589705
step:  [271.22079608 144.44852052 -30.48352159]
======= OUTSIDE TRUST REGION =========
========= steplength:  10.000000000000002
========= trust_region:  10.0
step:  [ 8.78315356  4.67778856 -0.98717154]
lam:  [2.274e-06 1.018e-06 4.048e-06]
new chi values:  [-195.56743356 -110.98880856    9.21240154]


True
Iteration Number 24
gamma: 1e-05
READING FROM OBJ_GOAL
obj goal:  [8.17890042e-06 1.88089968e-06 4.20432667e-06]
current chi values:  [-195.56743, -110.98881, 9.2124]
========= step before gamma:  28407117.54873566
step:  [22655837.74102171 15033246.8020576  -8226714.67042626]
lam:  [2.384e-06 1.036e-06 4.084e-06]
B:  [[2.61066132e-13 1.82124248e-14 4.78396794e-14]
 [1.82124248e-14 3.47735471e-14 1.09979960e-14]
 [4.78396794e-14 1.09979960e-14 1.37218437e-13]]
========= step after gamma:  284.0711754873566
step:  [226.55837741 150.33246802 -82.2671467 ]
======= OUTSIDE TRUST REGION =========
========= steplength:  10.0
========= trust_region:  10.0
step:  [ 7.97540887  5.29207047 -2.89600473]
lam:  [2.384e-06 1.036e-06 4.084e-06]
new chi values:  [-203.54283887 -116.28088047   12.10840473]


True
Iteration Number 25
gamma: 1e-05
READING FROM OBJ_GOAL
obj goal:  [8.17890042e-06 1.88089968e-06 4.20432667e-06]
current chi values:  [-203.54284, -116.28088, 12.1084]
========= step before gamma:  22869209.185886085
step:  [22556377.24666535  2650825.06084272 -2680242.67385297]
lam:  [2.410e-06 1.062e-06 4.066e-06]
B:  [[2.54408818e-13 3.06412826e-14 1.89779559e-14]
 [3.06412826e-14 6.22805611e-14 1.39358717e-14]
 [1.89779559e-14 1.39358717e-14 1.21887776e-13]]
========= step after gamma:  228.6920918588609
step:  [225.56377247  26.50825061 -26.80242674]
======= OUTSIDE TRUST REGION =========
========= steplength:  10.0
========= trust_region:  10.0
step:  [ 9.86320824  1.15912406 -1.17198748]
lam:  [2.410e-06 1.062e-06 4.066e-06]
new chi values:  [-213.40604824 -117.44000406   13.28038748]


True
Iteration Number 26
gamma: 1e-05
READING FROM OBJ_GOAL
obj goal:  [8.17890042e-06 1.88089968e-06 4.20432667e-06]
current chi values:  [-213.40605, -117.44, 13.28039]
========= step before gamma:  22502372.110479746
step:  [21107444.03243566  7647117.13556308 -1534326.0836832 ]
lam:  [2.410e-06 1.032e-06 4.040e-06]
B:  [[ 2.66432866e-13  2.29258517e-14  1.96392786e-14]
 [ 2.29258517e-14  4.70701403e-14 -3.28657315e-15]
 [ 1.96392786e-14 -3.28657315e-15  1.46693387e-13]]
========= step after gamma:  225.02372110479746
step:  [211.07444032  76.47117136 -15.34326084]
======= OUTSIDE TRUST REGION =========
========= steplength:  10.0
========= trust_region:  10.0
step:  [ 9.38009732  3.39836045 -0.68185082]
lam:  [2.410e-06 1.032e-06 4.040e-06]
new chi values:  [-222.78614732 -120.83836045   13.96224082]


True
Iteration Number 27
gamma: 1e-05
READING FROM OBJ_GOAL
obj goal:  [8.17890042e-06 1.88089968e-06 4.20432667e-06]
current chi values:  [-222.78615, -120.83836, 13.96224]
========= step before gamma:  21938746.460795343
step:  [20141749.74546647  4026391.90339398 -7707573.00986147]
lam:  [2.436e-06 1.046e-06 4.048e-06]
B:  [[3.02509018e-13 3.40120240e-14 6.31983968e-14]
 [3.40120240e-14 5.59959920e-14 9.81162325e-15]
 [6.31983968e-14 9.81162325e-15 1.49995992e-13]]
========= step after gamma:  219.38746460795346
step:  [201.41749745  40.26391903 -77.0757301 ]
======= OUTSIDE TRUST REGION =========
========= steplength:  10.000000000000002
========= trust_region:  10.0
step:  [ 9.18090274  1.83528804 -3.51322398]
lam:  [2.436e-06 1.046e-06 4.048e-06]
new chi values:  [-231.96705274 -122.67364804   17.47546398]


True
Iteration Number 28
gamma: 1e-05
READING FROM OBJ_GOAL
obj goal:  [8.17890042e-06 1.88089968e-06 4.20432667e-06]
current chi values:  [-231.96705, -122.67365, 17.47546]
========= step before gamma:  21152809.73076942
step:  [21120958.80266355   724056.99331645  -906752.5752664 ]
lam:  [2.440e-06 1.066e-06 4.042e-06]
B:  [[2.70941884e-13 3.70340681e-14 1.15430862e-14]
 [3.70340681e-14 6.17675351e-14 1.32545090e-14]
 [1.15430862e-14 1.32545090e-14 1.00436874e-13]]
========= step after gamma:  211.52809730769422
step:  [211.20958803   7.24056993  -9.06752575]
======= OUTSIDE TRUST REGION =========
========= steplength:  10.0
========= trust_region:  10.0
step:  [ 9.98494246  0.34229826 -0.42866767]
lam:  [2.440e-06 1.066e-06 4.042e-06]
new chi values:  [-241.95199246 -123.01594826   17.90412767]


True
Iteration Number 29
gamma: 1e-05
READING FROM OBJ_GOAL
obj goal:  [8.17890042e-06 1.88089968e-06 4.20432667e-06]
current chi values:  [-241.95199, -123.01595, 17.90413]
========= step before gamma:  20140747.841263153
step:  [18741457.05645819  6986895.7074296  -2364487.12827576]
lam:  [2.552e-06 1.060e-06 4.012e-06]
B:  [[2.95887776e-13 1.89178357e-14 2.14188377e-14]
 [1.89178357e-14 6.85370741e-14 5.29058116e-15]
 [2.14188377e-14 5.29058116e-15 1.04064128e-13]]
========= step after gamma:  201.40747841263152
step:  [187.41457056  69.86895707 -23.64487128]
======= OUTSIDE TRUST REGION =========
========= steplength:  10.0
========= trust_region:  10.0
step:  [ 9.30524388  3.4690349  -1.17398179]
lam:  [2.552e-06 1.060e-06 4.012e-06]
new chi values:  [-251.25723388 -126.4849849    19.07811179]


True
Iteration Number 30
gamma: 1e-05
READING FROM OBJ_GOAL
obj goal:  [8.17890042e-06 1.88089968e-06 4.20432667e-06]
current chi values:  [-251.25723, -126.48498, 19.07811]
========= step before gamma:  21873057.80317463
step:  [17846977.60876196 12590568.27444489 -1180524.63756984]
lam:  [2.454e-06 1.038e-06 4.016e-06]
B:  [[3.08501002e-13 1.87855711e-14 1.47655311e-14]
 [1.87855711e-14 4.06372745e-14 3.39879760e-15]
 [1.47655311e-14 3.39879760e-15 9.99438878e-14]]
========= step after gamma:  218.7305780317463
step:  [178.46977609 125.90568274 -11.80524638]
======= OUTSIDE TRUST REGION =========
========= steplength:  10.0
========= trust_region:  10.0
step:  [ 8.15934277  5.75619942 -0.53971633]
lam:  [2.454e-06 1.038e-06 4.016e-06]
new chi values:  [-259.41657277 -132.24117942   19.61782633]


True
Iteration Number 31
gamma: 1e-05
READING FROM OBJ_GOAL
obj goal:  [8.17890042e-06 1.88089968e-06 4.20432667e-06]
current chi values:  [-259.41657, -132.24118, 19.61783]
========= step before gamma:  19894722.538790766
step:  [19140857.33212896  4441570.5931349  -3114484.89364674]
lam:  [2.622e-06 1.070e-06 4.030e-06]
B:  [[2.87691383e-13 3.05210421e-14 2.73947896e-14]
 [3.05210421e-14 6.92384770e-14 2.59519038e-14]
 [2.73947896e-14 2.59519038e-14 1.49398798e-13]]
========= step after gamma:  198.94722538790768
step:  [191.40857332  44.41570593 -31.14484894]
======= OUTSIDE TRUST REGION =========
========= steplength:  10.000000000000002
========= trust_region:  10.0
step:  [ 9.62107277  2.23253709 -1.56548295]
lam:  [2.622e-06 1.070e-06 4.030e-06]
new chi values:  [-269.03764277 -134.47371709   21.18331295]


True
Iteration Number 32
gamma: 1e-05
READING FROM OBJ_GOAL
obj goal:  [8.17890042e-06 1.88089968e-06 4.20432667e-06]
current chi values:  [-269.03764, -134.47372, 21.18331]
========= step before gamma:  20141232.82245475
step:  [19734867.96830313  3999459.63354585   456693.02776467]
lam:  [2.554e-06 1.072e-06 4.012e-06]
B:  [[2.79643287e-13 2.61643287e-14 3.35871743e-15]
 [2.61643287e-14 7.09579158e-14 1.91743487e-14]
 [3.35871743e-15 1.91743487e-14 1.08072144e-13]]
========= step after gamma:  201.4123282245475
step:  [197.34867968  39.99459634   4.56693028]
======= OUTSIDE TRUST REGION =========
========= steplength:  10.0
========= trust_region:  10.0
step:  [9.79824231 1.98570746 0.22674532]
lam:  [2.554e-06 1.072e-06 4.012e-06]
new chi values:  [-278.83588231 -136.45942746   20.95656468]


True
Iteration Number 33
gamma: 1e-05
READING FROM OBJ_GOAL
obj goal:  [8.17890042e-06 1.88089968e-06 4.20432667e-06]
current chi values:  [-278.83588, -136.45943, 20.95656]
========= step before gamma:  20696886.684190456
step:  [20639843.35673457  1168354.68707084  -996459.70961167]
lam:  [2.670e-06 1.090e-06 4.052e-06]
B:  [[2.65631263e-13 3.37675351e-14 1.31863727e-14]
 [3.37675351e-14 9.00801603e-14 1.13426854e-14]
 [1.31863727e-14 1.13426854e-14 1.33563126e-13]]
========= step after gamma:  206.96886684190457
step:  [206.39843357  11.68354687  -9.9645971 ]
======= OUTSIDE TRUST REGION =========
========= steplength:  10.0
========= trust_region:  10.0
step:  [ 9.97243869  0.56450746 -0.48145391]
lam:  [2.670e-06 1.090e-06 4.052e-06]
new chi values:  [-288.80831869 -137.02393746   21.43801391]


True
Iteration Number 34
gamma: 1e-05
READING FROM OBJ_GOAL
obj goal:  [8.17890042e-06 1.88089968e-06 4.20432667e-06]
current chi values:  [-288.80832, -137.02394, 21.43801]
========= step before gamma:  16988768.59038273
step:  [16688905.15041518 -2752467.03412748  1588278.4151596 ]
lam:  [2.674e-06 1.114e-06 4.070e-06]
B:  [[ 3.40404810e-13  6.32905812e-14 -1.18236473e-15]
 [ 6.32905812e-14  1.13230461e-13  1.40480962e-14]
 [-1.18236473e-15  1.40480962e-14  1.21342685e-13]]
========= step after gamma:  169.88768590382733
step:  [166.8890515  -27.52467034  15.88278415]
======= OUTSIDE TRUST REGION =========
========= steplength:  9.999999999999998
========= trust_region:  10.0
step:  [ 9.82349313 -1.62016865  0.93489908]
lam:  [2.674e-06 1.114e-06 4.070e-06]
new chi values:  [-298.63181313 -135.40377135   20.50311092]


True
Iteration Number 35
gamma: 1e-05
READING FROM OBJ_GOAL
obj goal:  [8.17890042e-06 1.88089968e-06 4.20432667e-06]
current chi values:  [-298.63181, -135.40377, 20.50311]
========= step before gamma:  18794462.750147883
step:  [18647049.35799695  2334659.97791239   262189.04373781]
lam:  [2.702e-06 1.090e-06 4.044e-06]
B:  [[2.89775551e-13 3.08817635e-14 5.12224449e-15]
 [3.08817635e-14 9.00801603e-14 1.80761523e-14]
 [5.12224449e-15 1.80761523e-14 8.62364729e-14]]
========= step after gamma:  187.94462750147886
step:  [186.47049358  23.34659978   2.62189044]
======= OUTSIDE TRUST REGION =========
========= steplength:  10.000000000000002
========= trust_region:  10.0
step:  [9.92156552 1.24220629 0.13950335]
lam:  [2.702e-06 1.090e-06 4.044e-06]
new chi values:  [-308.55337552 -136.64597629   20.36360665]


True
Iteration Number 36
gamma: 1e-05
READING FROM OBJ_GOAL
obj goal:  [8.17890042e-06 1.88089968e-06 4.20432667e-06]
current chi values:  [-308.55338, -136.64598, 20.36361]
========= step before gamma:  19480127.472918414
step:  [19379955.74892903  1851540.47486576  -681527.25597516]
lam:  [2.640e-06 1.074e-06 3.982e-06]
B:  [[2.82965932e-13 3.47094188e-14 1.35470942e-14]
 [3.47094188e-14 7.66773547e-14 1.13547094e-14]
 [1.35470942e-14 1.13547094e-14 8.98557114e-14]]
========= step after gamma:  194.80127472918414
step:  [193.79955749  18.51540475  -6.81527256]
======= OUTSIDE TRUST REGION =========
========= steplength:  10.0
========= trust_region:  10.0
step:  [ 9.94857748  0.95047657 -0.3498577 ]
lam:  [2.640e-06 1.074e-06 3.982e-06]
new chi values:  [-318.50195748 -137.59645657   20.7134677 ]


True
Iteration Number 37
gamma: 1e-05
READING FROM OBJ_GOAL
obj goal:  [8.17890042e-06 1.88089968e-06 4.20432667e-06]
current chi values:  [-318.50196, -137.59646, 20.71347]
========= step before gamma:  18298249.25866587
step:  [17810187.76686291 -4178804.25464474   400914.75741824]
lam:  [2.796e-06 1.158e-06 4.082e-06]
B:  [[3.19022044e-13 7.23767535e-14 8.74549098e-15]
 [7.23767535e-14 1.37310621e-13 1.90821643e-14]
 [8.74549098e-15 1.90821643e-14 1.15507014e-13]]
========= step after gamma:  182.9824925866587
step:  [178.10187767 -41.78804255   4.00914757]
======= OUTSIDE TRUST REGION =========
========= steplength:  10.0
========= trust_region:  10.0
step:  [ 9.73327421 -2.28371807  0.21910006]
lam:  [2.796e-06 1.158e-06 4.082e-06]
new chi values:  [-328.23523421 -135.31274193   20.49436994]


True
Iteration Number 38
gamma: 1e-05
READING FROM OBJ_GOAL
obj goal:  [8.17890042e-06 1.88089968e-06 4.20432667e-06]
current chi values:  [-328.23523, -135.31274, 20.49437]
========= step before gamma:  15584295.146865277
step:  [15212064.7089546  -3375714.22555048   260568.57562396]
lam:  [2.914e-06 1.168e-06 4.028e-06]
B:  [[3.63330661e-13 7.86052104e-14 1.24328657e-14]
 [7.86052104e-14 1.44064128e-13 1.33226453e-14]
 [1.24328657e-14 1.33226453e-14 1.23462926e-13]]
========= step after gamma:  155.84295146865279
step:  [152.12064709 -33.75714226   2.60568576]
======= OUTSIDE TRUST REGION =========
========= steplength:  10.0
========= trust_region:  10.0
step:  [ 9.76115029 -2.16610003  0.16719946]
lam:  [2.914e-06 1.168e-06 4.028e-06]
new chi values:  [-337.99638029 -133.14663997   20.32717054]


True
Iteration Number 39
gamma: 1e-05
READING FROM OBJ_GOAL
obj goal:  [8.17890042e-06 1.88089968e-06 4.20432667e-06]
current chi values:  [-337.99638, -133.14664, 20.32717]
========= step before gamma:  16439120.151132375
step:  [15656136.90471591 -4796390.16478151 -1457631.62402109]
lam:  [2.874e-06 1.192e-06 4.038e-06]
B:  [[3.70865731e-13 9.63847695e-14 2.68416834e-14]
 [9.63847695e-14 1.63462926e-13 2.47535070e-14]
 [2.68416834e-14 2.47535070e-14 9.27414830e-14]]
========= step after gamma:  164.39120151132374
step:  [156.56136905 -47.96390165 -14.57631624]
======= OUTSIDE TRUST REGION =========
========= steplength:  10.0
========= trust_region:  10.0
step:  [ 9.52370733 -2.91766842 -0.8866847 ]
lam:  [2.874e-06 1.192e-06 4.038e-06]
new chi values:  [-347.52008733 -130.22897158   21.2138547 ]


True
Iteration Number 40
gamma: 1e-05
READING FROM OBJ_GOAL
obj goal:  [8.17890042e-06 1.88089968e-06 4.20432667e-06]
current chi values:  [-347.52009, -130.22897, 21.21385]
========= step before gamma:  16227092.98496761
step:  [15983570.00780702 -2789503.4008989    250414.30608194]
lam:  [2.956e-06 1.168e-06 4.050e-06]
B:  [[3.38741483e-13 6.95310621e-14 1.02204409e-14]
 [6.95310621e-14 1.44064128e-13 1.36272545e-14]
 [1.02204409e-14 1.36272545e-14 1.15731463e-13]]
========= step after gamma:  162.2709298496761
step:  [159.83570008 -27.89503401   2.50414306]
======= OUTSIDE TRUST REGION =========
========= steplength:  10.0
========= trust_region:  10.0
step:  [ 9.84992816 -1.71904074  0.15431865]
lam:  [2.956e-06 1.168e-06 4.050e-06]
new chi values:  [-357.37001816 -128.50992926   21.05953135]


True
Iteration Number 41
gamma: 1e-05
READING FROM OBJ_GOAL
obj goal:  [8.17890042e-06 1.88089968e-06 4.20432667e-06]
current chi values:  [-357.37002, -128.50993, 21.05953]
========= step before gamma:  14452345.016183486
step:  [14364763.8074035  -1220510.96974423 -1016951.42315065]
lam:  [2.942e-06 1.136e-06 3.996e-06]
B:  [[ 3.71378758e-13  6.20120240e-14  2.18116232e-14]
 [ 6.20120240e-14  1.25755511e-13 -7.47094188e-15]
 [ 2.18116232e-14 -7.47094188e-15  1.12208417e-13]]
========= step after gamma:  144.5234501618349
step:  [143.64763807 -12.2051097  -10.16951423]
======= OUTSIDE TRUST REGION =========
========= steplength:  9.999999999999998
========= trust_region:  10.0
step:  [ 9.9394     -0.84450722 -0.70365842]
lam:  [2.942e-06 1.136e-06 3.996e-06]
new chi values:  [-367.30942    -127.66542278   21.76318842]


True
Iteration Number 42
gamma: 1e-05
READING FROM OBJ_GOAL
obj goal:  [8.17890042e-06 1.88089968e-06 4.20432667e-06]
current chi values:  [-367.30942, -127.66542, 21.76319]
========= step before gamma:  17730013.356943503
step:  [16732309.77456338 -5120430.68526492  2857336.66949542]
lam:  [2.956e-06 1.178e-06 4.018e-06]
B:  [[ 3.38741483e-13  8.40000000e-14 -5.21843687e-15]
 [ 8.40000000e-14  1.46609218e-13  1.68296593e-14]
 [-5.21843687e-15  1.68296593e-14  1.25927856e-13]]
========= step after gamma:  177.30013356943505
step:  [167.32309775 -51.20430685  28.57336669]
======= OUTSIDE TRUST REGION =========
========= steplength:  10.000000000000002
========= trust_region:  10.0
step:  [ 9.43727985 -2.88800159  1.61158179]
lam:  [2.956e-06 1.178e-06 4.018e-06]
new chi values:  [-376.74669985 -124.77741841   20.15160821]


True
Iteration Number 43
gamma: 1e-05
READING FROM OBJ_GOAL
obj goal:  [8.17890042e-06 1.88089968e-06 4.20432667e-06]
current chi values:  [-376.7467, -124.77742, 20.15161]
========= step before gamma:  16598868.471511811
step:  [16382836.15361829 -2172822.43247049 -1550469.85626922]
lam:  [3.142e-06 1.224e-06 4.060e-06]
B:  [[3.18472946e-13 6.63246493e-14 2.35270541e-14]
 [6.63246493e-14 1.90204409e-13 1.05811623e-14]
 [2.35270541e-14 1.05811623e-14 1.40681363e-13]]
========= step after gamma:  165.9886847151181
step:  [163.82836154 -21.72822432 -15.50469856]
======= OUTSIDE TRUST REGION =========
========= steplength:  10.000000000000002
========= trust_region:  10.0
step:  [ 9.86985118 -1.3090184  -0.93408166]
lam:  [3.142e-06 1.224e-06 4.060e-06]
new chi values:  [-386.61655118 -123.4684016    21.08569166]


True
Iteration Number 44
gamma: 1e-05
READING FROM OBJ_GOAL
obj goal:  [8.17890042e-06 1.88089968e-06 4.20432667e-06]
current chi values:  [-386.61655, -123.4684, 21.08569]
========= step before gamma:  16471482.671931345
step:  [15278445.15007271 -5840215.66103318  1941838.3662337 ]
lam:  [3.262e-06 1.316e-06 4.050e-06]
B:  [[3.66088176e-13 1.17442886e-13 4.90981964e-15]
 [1.17442886e-13 2.16577154e-13 1.82364729e-14]
 [4.90981964e-15 1.82364729e-14 9.56913828e-14]]
========= step after gamma:  164.71482671931346
step:  [152.7844515  -58.40215661  19.41838366]
======= OUTSIDE TRUST REGION =========
========= steplength:  10.0
========= trust_region:  10.0
step:  [ 9.27569512 -3.54565268  1.17890927]
lam:  [3.262e-06 1.316e-06 4.050e-06]
new chi values:  [-395.89224512 -119.92274732   19.90678073]


True
Iteration Number 45
gamma: 1e-05
READING FROM OBJ_GOAL
obj goal:  [8.17890042e-06 1.88089968e-06 4.20432667e-06]
current chi values:  [-395.89225, -119.92275, 19.90678]
========= step before gamma:  14390168.191339051
step:  [13017594.18049403 -5899259.06118062  1678667.58355327]
lam:  [3.310e-06 1.358e-06 4.050e-06]
B:  [[4.38777555e-13 1.45310621e-13 8.51703407e-15]
 [1.45310621e-13 2.38312625e-13 2.21442886e-14]
 [8.51703407e-15 2.21442886e-14 1.03707415e-13]]
========= step after gamma:  143.90168191339052
step:  [130.1759418  -58.99259061  16.78667584]
======= OUTSIDE TRUST REGION =========
========= steplength:  10.0
========= trust_region:  10.0
step:  [ 9.04617236 -4.09950668  1.16653785]
lam:  [3.310e-06 1.358e-06 4.050e-06]
new chi values:  [-404.93842236 -115.82324332   18.74024215]


True
Iteration Number 46
gamma: 1e-05
READING FROM OBJ_GOAL
obj goal:  [8.17890042e-06 1.88089968e-06 4.20432667e-06]
current chi values:  [-404.93842, -115.82324, 18.74024]
========= step before gamma:  10326835.914245268
step:  [ 9775560.60092701 -3083900.53819052  1253599.77979324]
lam:  [3.490e-06 1.332e-06 4.050e-06]
B:  [[5.18937876e-13 1.27575150e-13 7.51503006e-15]
 [1.27575150e-13 2.30236473e-13 9.41883768e-15]
 [7.51503006e-15 9.41883768e-15 8.76753507e-14]]
========= step after gamma:  103.2683591424527
step:  [ 97.75560601 -30.83900538  12.5359978 ]
======= OUTSIDE TRUST REGION =========
========= steplength:  10.0
========= trust_region:  10.0
step:  [ 9.4661721  -2.98629761  1.21392437]
lam:  [3.490e-06 1.332e-06 4.050e-06]
new chi values:  [-414.4045921  -112.83694239   17.52631563]


True
Iteration Number 47
gamma: 1e-05
READING FROM OBJ_GOAL
obj goal:  [8.17890042e-06 1.88089968e-06 4.20432667e-06]
current chi values:  [-414.40459, -112.83694, 17.52632]
========= step before gamma:  12923930.280214155
step:  [11903208.43860422 -4222137.26988635  2741379.14729326]
lam:  [3.422e-06 1.370e-06 4.076e-06]
B:  [[ 4.44805611e-13  1.22104208e-13 -8.08817635e-15]
 [ 1.22104208e-13  2.33567134e-13  1.59118236e-14]
 [-8.08817635e-15  1.59118236e-14  1.06436874e-13]]
========= step after gamma:  129.23930280214157
step:  [119.03208439 -42.2213727   27.41379147]
======= OUTSIDE TRUST REGION =========
========= steplength:  10.0
========= trust_region:  10.0
step:  [ 9.21020787 -3.2669143   2.12116522]
lam:  [3.422e-06 1.370e-06 4.076e-06]
new chi values:  [-423.61479787 -109.5700257    15.40515478]


True
Iteration Number 48
gamma: 1e-05
READING FROM OBJ_GOAL
obj goal:  [8.17890042e-06 1.88089968e-06 4.20432667e-06]
current chi values:  [-423.6148, -109.57003, 15.40515]
========= step before gamma:  11795206.046776814
step:  [11080240.44987924 -4034736.61097436   275785.67555861]
lam:  [3.458e-06 1.326e-06 4.042e-06]
B:  [[4.73182365e-13 1.30953908e-13 2.28096192e-14]
 [1.30953908e-13 2.24172345e-13 3.03687375e-14]
 [2.28096192e-14 3.03687375e-14 1.16468938e-13]]
========= step after gamma:  117.95206046776815
step:  [110.8024045  -40.34736611   2.75785676]
======= OUTSIDE TRUST REGION =========
========= steplength:  10.000000000000002
========= trust_region:  10.0
step:  [ 9.39385069 -3.42065802  0.23381166]
lam:  [3.458e-06 1.326e-06 4.042e-06]
new chi values:  [-433.00865069 -106.14937198   15.17133834]


True
Iteration Number 49
gamma: 1e-05
READING FROM OBJ_GOAL
obj goal:  [8.17890042e-06 1.88089968e-06 4.20432667e-06]
current chi values:  [-433.00865, -106.14937, 15.17134]
========= step before gamma:  9459706.802069088
step:  [ 8247499.21649385 -4505720.64375762  1078559.6578131 ]
lam:  [3.532e-06 1.360e-06 4.074e-06]
B:  [[6.66308617e-13 1.90861723e-13 1.06533066e-14]
 [1.90861723e-13 2.38877756e-13 2.14028056e-14]
 [1.06533066e-14 2.14028056e-14 1.28781563e-13]]
========= step after gamma:  94.5970680206909
step:  [ 82.47499216 -45.05720644  10.78559658]
======= OUTSIDE TRUST REGION =========
========= steplength:  10.0
========= trust_region:  10.0
step:  [ 8.71855692 -4.76306585  1.14016183]
lam:  [3.532e-06 1.360e-06 4.074e-06]
new chi values:  [-441.72720692 -101.38630415   14.03117817]


True
Iteration Number 50
gamma: 1e-05
READING FROM OBJ_GOAL
