True
Iteration Number 1
gamma: 1e-05
READING FROM OBJ_GOAL
obj goal:  [8.17890042e-06 1.88089968e-06 4.89965663e-07 1.78251666e-06
 4.20432667e-06 3.98710376e-07 6.60202739e-07 2.60895669e-06
 3.40987476e-09 2.46632615e-06]
current chi values:  [0.2, -0.3, 0.4, -0.5, 0.9, 0.4, -0.8, 0.8, 0.9, 0.8]
========= step before gamma:  302458678.9348838
step:  [ 2.79723588e+08  5.00568746e+07 -9.07427208e+06  9.75076191e+07
  4.06878354e+06 -1.77317916e+07  6.71517447e+06 -1.10155935e+07
 -1.63203595e+07 -1.94019374e+07]
lam:  [2.024e-06 9.880e-07 4.580e-07 2.200e-08 4.042e-06 1.036e-06 4.740e-07
 2.174e-06 7.800e-08 1.960e-06]
B:  [[ 2.34709419e-14  2.88577154e-16  1.10300601e-14 -5.29058116e-16
   9.93987976e-16 -8.65731463e-16 -5.38677355e-15  7.83967936e-15
   2.13226453e-15  6.97394790e-15]
 [ 2.88577154e-16  1.58877756e-14  3.50300601e-15  2.64529058e-16
   5.05010020e-16  4.32865731e-16  3.69539078e-15  2.09218437e-15
  -1.06613226e-15 -4.80961924e-16]
 [ 1.10300601e-14  3.50300601e-15  2.48733467e-13 -4.08416834e-15
   2.76953908e-15  9.53106212e-15  2.29539078e-14  2.23527054e-14
   1.23006012e-14  6.33266533e-15]
 [-5.29058116e-16  2.64529058e-16 -4.08416834e-15  2.15591182e-14
  -9.25851703e-16  3.21442886e-15  5.58316633e-15  6.18436874e-15
   8.30060120e-15  8.81763527e-16]
 [ 9.93987976e-16  5.05010020e-16  2.76953908e-15 -9.25851703e-16
   1.00436874e-13  1.45170341e-14  1.01122244e-14  8.70941884e-15
   4.73346693e-15  3.68737475e-15]
 [-8.65731463e-16  4.32865731e-16  9.53106212e-15  3.21442886e-15
   1.45170341e-14  3.47735471e-14  6.94989980e-15  7.75150301e-15
   1.19438878e-15  1.44288577e-15]
 [-5.38677355e-15  3.69539078e-15  2.29539078e-14  5.58316633e-15
   1.01122244e-14  6.94989980e-15  2.49823647e-13 -4.48496994e-15
   2.30741483e-14  4.96993988e-15]
 [ 7.83967936e-15  2.09218437e-15  2.23527054e-14  6.18436874e-15
   8.70941884e-15  7.75150301e-15 -4.48496994e-15  1.48020040e-13
   1.04488978e-14  1.69939880e-14]
 [ 2.13226453e-15 -1.06613226e-15  1.23006012e-14  8.30060120e-15
   4.73346693e-15  1.19438878e-15  2.30741483e-14  1.04488978e-14
   7.20601202e-14  9.13827655e-15]
 [ 6.97394790e-15 -4.80961924e-16  6.33266533e-15  8.81763527e-16
   3.68737475e-15  1.44288577e-15  4.96993988e-15  1.69939880e-14
   9.13827655e-15  5.85170341e-14]]
========= step after gamma:  3024.586789348839
step:  [2797.2358849   500.56874633  -90.74272078  975.07619088   40.6878354
 -177.31791635   67.15174466 -110.15593488 -163.20359536 -194.01937428]
======= OUTSIDE TRUST REGION =========
========= steplength:  9.999999999999996
========= trust_region:  10.0
step:  [ 9.24832408  1.65499879 -0.30001692  3.22383274  0.13452362 -0.58625501
  0.22201957 -0.3642016  -0.53958972 -0.64147399]
lam:  [2.024e-06 9.880e-07 4.580e-07 2.200e-08 4.042e-06 1.036e-06 4.740e-07
 2.174e-06 7.800e-08 1.960e-06]
new chi values:  [-9.04832408 -1.95499879  0.70001692 -3.72383274  0.76547638  0.98625501
 -1.02201957  1.1642016   1.43958972  1.44147399]


True
Iteration Number 2
gamma: 1e-05
READING FROM OBJ_GOAL
obj goal:  [8.17890042e-06 1.88089968e-06 4.89965663e-07 1.78251666e-06
 4.20432667e-06 3.98710376e-07 6.60202739e-07 2.60895669e-06
 3.40987476e-09 2.46632615e-06]
current chi values:  [-9.04832, -1.955, 0.70002, -3.72383, 0.76548, 0.98626, -1.02202, 1.1642, 1.43959, 1.44147]
========= step before gamma:  161805499.59384382
step:  [ 1.40671092e+08  4.64005565e+07 -1.09157649e+07  5.97720808e+07
 -6.23960797e+06 -2.05765096e+07  2.51546319e+06  5.62003487e+06
 -5.82707723e+06 -3.68833622e+06]
lam:  [2.042e-06 9.840e-07 4.680e-07 2.400e-08 4.030e-06 1.058e-06 5.960e-07
 2.200e-06 8.600e-08 1.924e-06]
B:  [[ 4.43246493e-14  6.73346693e-16  1.63767535e-14  2.99799599e-15
   8.75751503e-15  3.57114228e-15 -3.03807615e-15  5.61122244e-15
   2.39278557e-15  3.19839679e-15]
 [ 6.73346693e-16  1.97835671e-14  3.49498998e-15  3.84769539e-16
   2.48496994e-15  2.93386774e-15  3.54308617e-15 -4.80961924e-15
  -6.25250501e-16  2.78957916e-15]
 [ 1.63767535e-14  3.49498998e-15  2.49474950e-13  6.78156313e-15
   1.96392786e-15  8.87374749e-15  2.31182365e-14  1.04208417e-14
   9.77154309e-15 -2.43687375e-15]
 [ 2.99799599e-15  3.84769539e-16  6.78156313e-15  2.34709419e-14
  -7.21442886e-16 -1.39478958e-15  3.70340681e-15 -4.80961924e-15
   1.93987976e-15  3.83166333e-15]
 [ 8.75751503e-15  2.48496994e-15  1.96392786e-15 -7.21442886e-16
   1.37374749e-13  1.82965932e-14  4.12825651e-15  2.60521042e-14
   1.42284569e-15  6.29258517e-15]
 [ 3.57114228e-15  2.93386774e-15  8.87374749e-15 -1.39478958e-15
   1.82965932e-14  5.47454910e-14  3.43887776e-15  2.24448898e-14
   3.01803607e-15 -1.59519038e-15]
 [-3.03807615e-15  3.54308617e-15  2.31182365e-14  3.70340681e-15
   4.12825651e-15  3.43887776e-15  2.41266533e-13  6.81362725e-15
   2.67975952e-14  9.31462926e-15]
 [ 5.61122244e-15 -4.80961924e-15  1.04208417e-14 -4.80961924e-15
   2.60521042e-14  2.24448898e-14  6.81362725e-15  1.72344689e-13
   1.68336673e-14  5.21042084e-15]
 [ 2.39278557e-15 -6.25250501e-16  9.77154309e-15  1.93987976e-15
   1.42284569e-15  3.01803607e-15  2.67975952e-14  1.68336673e-14
   7.87615230e-14  8.55310621e-15]
 [ 3.19839679e-15  2.78957916e-15 -2.43687375e-15  3.83166333e-15
   6.29258517e-15 -1.59519038e-15  9.31462926e-15  5.21042084e-15
   8.55310621e-15  7.83807615e-14]]
========= step after gamma:  1618.0549959384384
step:  [1406.71091677  464.00556533 -109.15764892  597.72080773  -62.39607968
 -205.7650961    25.15463188   56.20034874  -58.27077235  -36.88336219]
======= OUTSIDE TRUST REGION =========
========= steplength:  9.999999999999998
========= trust_region:  10.0
step:  [ 8.69383872  2.86767487 -0.67462261  3.69406979 -0.38562397 -1.27168172
  0.15546216  0.34733275 -0.3601285  -0.22794876]
lam:  [2.042e-06 9.840e-07 4.680e-07 2.400e-08 4.030e-06 1.058e-06 5.960e-07
 2.200e-06 8.600e-08 1.924e-06]
new chi values:  [-17.74215872  -4.82267487   1.37464261  -7.41789979   1.15110397
   2.25794172  -1.17748216   0.81686725   1.7997185    1.66941876]


True
Iteration Number 3
gamma: 1e-05
READING FROM OBJ_GOAL
obj goal:  [8.17890042e-06 1.88089968e-06 4.89965663e-07 1.78251666e-06
 4.20432667e-06 3.98710376e-07 6.60202739e-07 2.60895669e-06
 3.40987476e-09 2.46632615e-06]
current chi values:  [-17.74216, -4.82267, 1.37464, -7.4179, 1.1511, 2.25794, -1.17748, 0.81687, 1.79972, 1.66942]
========= step before gamma:  200602676.7694686
step:  [ 1.62206454e+08  7.66336806e+07 -1.46636752e+07  8.49334073e+07
 -1.55703681e+07  1.76764668e+07  7.84189840e+06 -2.67143576e+06
  4.16695380e+05  2.31791240e+06]
lam:  [2.042e-06 9.600e-07 4.320e-07 1.800e-08 4.032e-06 1.054e-06 5.960e-07
 2.204e-06 9.000e-08 1.924e-06]
B:  [[ 5.23406814e-14 -1.63527054e-14  2.39038076e-14  1.24649299e-15
   2.67094188e-14 -1.83046092e-14 -1.10541082e-14  1.54629259e-14
   2.20440882e-16  5.20240481e-15]
 [-1.63527054e-14  3.84769539e-14 -2.72545090e-15  7.21442886e-16
  -1.67535070e-14  1.41883768e-14 -2.16432866e-15 -1.58717435e-14
  -4.40881764e-15 -5.05010020e-15]
 [ 2.39038076e-14 -2.72545090e-15  2.45867735e-13  2.22845691e-15
   1.22004008e-14  1.06933868e-14 -1.55030060e-14  3.19358717e-14
   5.13026052e-15  4.84168337e-15]
 [ 1.24649299e-15  7.21442886e-16  2.22845691e-15  1.77114228e-14
  -2.58116232e-15 -9.73947896e-16  1.27454910e-15  3.28657315e-16
   3.80761523e-16  1.37074148e-15]
 [ 2.67094188e-14 -1.67535070e-14  1.22004008e-14 -2.58116232e-15
   1.55286573e-13 -7.74348697e-15  1.49579158e-14  1.75070140e-14
   1.12224449e-15  2.43687375e-15]
 [-1.83046092e-14  1.41883768e-14  1.06933868e-14 -9.73947896e-16
  -7.74348697e-15  7.92424850e-14 -1.84368737e-16  1.50140281e-14
   1.11623246e-14 -7.91182365e-15]
 [-1.10541082e-14 -2.16432866e-15 -1.55030060e-14  1.27454910e-15
   1.49579158e-14 -1.84368737e-16  2.41266533e-13 -3.59118236e-15
   1.23847695e-14  7.31062124e-15]
 [ 1.54629259e-14 -1.58717435e-14  3.19358717e-14  3.28657315e-16
   1.75070140e-14  1.50140281e-14 -3.59118236e-15  1.62709419e-13
   2.56913828e-14  5.51503006e-15]
 [ 2.20440882e-16 -4.40881764e-15  5.13026052e-15  3.80761523e-16
   1.12224449e-15  1.11623246e-14  1.23847695e-14  2.56913828e-14
   8.20641283e-14  6.85370741e-15]
 [ 5.20240481e-15 -5.05010020e-15  4.84168337e-15  1.37074148e-15
   2.43687375e-15 -7.91182365e-15  7.31062124e-15  5.51503006e-15
   6.85370741e-15  7.43727455e-14]]
========= step after gamma:  2006.0267676946862
step:  [1622.06454074  766.33680605 -146.63675156  849.33407302 -155.70368148
  176.7646681    78.41898402  -26.71435759    4.1669538    23.17912404]
======= OUTSIDE TRUST REGION =========
========= steplength:  10.0
========= trust_region:  10.0
step:  [ 8.08595661  3.82017238 -0.73098103  4.23391196 -0.77617948  0.88116804
  0.39091694 -0.13317049  0.02077217  0.11554743]
lam:  [2.042e-06 9.600e-07 4.320e-07 1.800e-08 4.032e-06 1.054e-06 5.960e-07
 2.204e-06 9.000e-08 1.924e-06]
new chi values:  [-25.82811661  -8.64284238   2.10562103 -11.65181196   1.92727948
   1.37677196  -1.56839694   0.95004049   1.77894783   1.55387257]


True
Iteration Number 4
gamma: 1e-05
READING FROM OBJ_GOAL
obj goal:  [8.17890042e-06 1.88089968e-06 4.89965663e-07 1.78251666e-06
 4.20432667e-06 3.98710376e-07 6.60202739e-07 2.60895669e-06
 3.40987476e-09 2.46632615e-06]
current chi values:  [-25.82812, -8.64284, 2.10562, -11.65181, 1.92728, 1.37677, -1.5684, 0.95004, 1.77895, 1.55387]
========= step before gamma:  171772367.0111604
step:  [ 1.44679126e+08  6.42876282e+07 -7.44150696e+06  6.25296362e+07
 -6.81703826e+06 -1.61660708e+07 -3.88225117e+04 -5.75004949e+06
 -1.15305260e+07  1.27843888e+06]
lam:  [2.040e-06 9.780e-07 4.320e-07 2.200e-08 4.032e-06 1.060e-06 6.060e-07
 2.218e-06 1.000e-07 1.924e-06]
B:  [[ 4.64929860e-14 -5.13026052e-15  1.67535070e-14  3.12625251e-15
   1.07414830e-14  3.60721443e-15  1.76352705e-15  1.93186373e-14
   8.01603206e-15  5.05010020e-15]
 [-5.13026052e-15  2.55671343e-14 -2.50100200e-15  4.84969940e-16
  -1.29859719e-15  3.32665331e-15 -4.67735471e-15 -5.21442886e-15
   2.20440882e-15 -5.68336673e-15]
 [ 1.67535070e-14 -2.50100200e-15  2.45867735e-13  6.50901804e-15
   1.22004008e-14  2.21242485e-14  4.21643287e-15  4.59158317e-14
   6.81362725e-15  8.33667335e-16]
 [ 3.12625251e-15  4.84969940e-16  6.50901804e-15  2.15591182e-14
   1.29859719e-15  6.81362725e-16  6.68136273e-15  1.20641283e-15
  -2.00400802e-16  1.67535070e-15]
 [ 1.07414830e-14 -1.29859719e-15  1.22004008e-14  1.29859719e-15
   1.31238477e-13  1.81162325e-14  1.66412826e-14  7.03807615e-15
   4.80961924e-15 -3.57515030e-15]
 [ 3.60721443e-15  3.32665331e-15  2.21242485e-14  6.81362725e-16
   1.81162325e-14  5.65130261e-14  1.64328657e-15  2.49699399e-14
   8.01603206e-15 -1.44288577e-15]
 [ 1.76352705e-15 -4.67735471e-15  4.21643287e-15  6.68136273e-15
   1.66412826e-14  1.64328657e-15  2.39242485e-13  5.90380762e-15
   9.41883768e-15  4.06412826e-15]
 [ 1.93186373e-14 -5.21442886e-15  4.59158317e-14  1.20641283e-15
   7.03807615e-15  2.49699399e-14  5.90380762e-15  1.86849699e-13
   2.42484970e-14  2.57314629e-15]
 [ 8.01603206e-15  2.20440882e-15  6.81362725e-15 -2.00400802e-16
   4.80961924e-15  8.01603206e-15  9.41883768e-15  2.42484970e-14
   9.01803607e-14  5.61122244e-15]
 [ 5.05010020e-15 -5.68336673e-15  8.33667335e-16  1.67535070e-15
  -3.57515030e-15 -1.44288577e-15  4.06412826e-15  2.57314629e-15
   5.61122244e-15  8.63967936e-14]]
========= step after gamma:  1717.7236701116046
step:  [ 1.44679126e+03  6.42876282e+02 -7.44150696e+01  6.25296362e+02
 -6.81703826e+01 -1.61660708e+02 -3.88225117e-01 -5.75004949e+01
 -1.15305260e+02  1.27843888e+01]
======= OUTSIDE TRUST REGION =========
========= steplength:  9.999999999999998
========= trust_region:  10.0
step:  [ 8.42272415e+00  3.74260594e+00 -4.33219096e-01  3.64026166e+00
 -3.96864663e-01 -9.41133376e-01 -2.26011392e-03 -3.34748224e-01
 -6.71267808e-01  7.44263413e-02]
lam:  [2.040e-06 9.780e-07 4.320e-07 2.200e-08 4.032e-06 1.060e-06 6.060e-07
 2.218e-06 1.000e-07 1.924e-06]
new chi values:  [-34.25084415 -12.38544594   2.5388391  -15.29207166   2.32414466
   2.31790338  -1.56613989   1.28478822   2.45021781   1.47944366]


True
Iteration Number 5
gamma: 1e-05
READING FROM OBJ_GOAL
obj goal:  [8.17890042e-06 1.88089968e-06 4.89965663e-07 1.78251666e-06
 4.20432667e-06 3.98710376e-07 6.60202739e-07 2.60895669e-06
 3.40987476e-09 2.46632615e-06]
current chi values:  [-34.25084, -12.38545, 2.53884, -15.29207, 2.32414, 2.3179, -1.56614, 1.28479, 2.45022, 1.47944]
========= step before gamma:  125225411.18639594
step:  [ 93085114.24323633  71484518.12602767  -8721670.27280678
  39472259.13678588  -7196817.41582221 -13749057.36200078
   -349866.47217457  -2788443.36751894   3765946.94500727
  -3080757.8760703 ]
lam:  [2.070e-06 9.720e-07 4.180e-07 3.600e-08 4.032e-06 1.024e-06 5.860e-07
 2.184e-06 8.000e-08 1.944e-06]
B:  [[ 8.12625251e-14 -1.60721443e-14  2.67935872e-14  3.48697395e-15
   1.77955912e-14 -1.68336673e-15  4.98997996e-15  1.91583166e-14
  -3.60721443e-15  1.19438878e-14]
 [-1.60721443e-14  3.12785571e-14 -4.30460922e-15  1.01002004e-15
  -7.11823647e-15  6.73346693e-16 -3.59919840e-15 -1.08697395e-14
   2.40480962e-16 -5.57915832e-15]
 [ 2.67935872e-14 -4.30460922e-15  2.43763527e-13  6.96593186e-15
   4.63326653e-15  9.98797595e-15  1.10741483e-14  2.51382766e-14
  -5.45090180e-15 -5.93186373e-16]
 [ 3.48697395e-15  1.01002004e-15  6.96593186e-15  3.47735471e-14
  -5.16232465e-15 -8.65731463e-16  9.05811623e-16  5.38677355e-15
   1.12224449e-15  1.60320641e-17]
 [ 1.77955912e-14 -7.11823647e-15  4.63326653e-15 -5.16232465e-15
   9.51663327e-14  1.23446894e-15  3.25450902e-15  6.12424850e-15
   3.44689379e-15  7.80761523e-15]
 [-1.68336673e-15  6.73346693e-16  9.98797595e-15 -8.65731463e-16
   1.23446894e-15  2.74789579e-14 -6.41282565e-17  1.16072144e-14
   4.08817635e-15 -2.66132265e-15]
 [ 4.98997996e-15 -3.59919840e-15  1.10741483e-14  9.05811623e-16
   3.25450902e-15 -6.41282565e-17  2.43090180e-13  2.18036072e-15
   5.13026052e-15 -7.19839679e-15]
 [ 1.91583166e-14 -1.08697395e-14  2.51382766e-14  5.38677355e-15
   6.12424850e-15  1.16072144e-14  2.18036072e-15  1.50444890e-13
   1.33066132e-14  3.04609218e-16]
 [-3.60721443e-15  2.40480962e-16 -5.45090180e-15  1.12224449e-15
   3.44689379e-15  4.08817635e-15  5.13026052e-15  1.33066132e-14
   7.37474950e-14  2.48496994e-15]
 [ 1.19438878e-14 -5.57915832e-15 -5.93186373e-16  1.60320641e-17
   7.80761523e-15 -2.66132265e-15 -7.19839679e-15  3.04609218e-16
   2.48496994e-15  6.09859719e-14]]
========= step after gamma:  1252.2541118639595
step:  [ 930.85114243  714.84518126  -87.21670273  394.72259137  -71.96817416
 -137.49057362   -3.49866472  -27.88443368   37.65946945  -30.80757876]
======= OUTSIDE TRUST REGION =========
========= steplength:  10.0
========= trust_region:  10.0
step:  [ 7.43340456  5.70846743 -0.69647767  3.15209659 -0.57470903 -1.09794468
 -0.02793894 -0.22267392  0.30073345 -0.24601699]
lam:  [2.070e-06 9.720e-07 4.180e-07 3.600e-08 4.032e-06 1.024e-06 5.860e-07
 2.184e-06 8.000e-08 1.944e-06]
new chi values:  [-41.68424456 -18.09391743   3.23531767 -18.44416659   2.89884903
   3.41584468  -1.53820106   1.50746392   2.14948655   1.72545699]


True
Iteration Number 6
gamma: 1e-05
READING FROM OBJ_GOAL
obj goal:  [8.17890042e-06 1.88089968e-06 4.89965663e-07 1.78251666e-06
 4.20432667e-06 3.98710376e-07 6.60202739e-07 2.60895669e-06
 3.40987476e-09 2.46632615e-06]
current chi values:  [-41.68424, -18.09392, 3.23532, -18.44417, 2.89885, 3.41584, -1.5382, 1.50746, 2.14949, 1.72546]
========= step before gamma:  174260367.06734365
step:  [ 1.08096558e+08  1.25684550e+08 -5.40793794e+06  5.11460509e+07
  7.25257594e+05 -1.09381188e+07  2.41097243e+05 -7.11747696e+06
  8.17708832e+06  1.51308516e+06]
lam:  [2.062e-06 9.900e-07 4.520e-07 3.600e-08 3.990e-06 1.038e-06 5.620e-07
 2.192e-06 7.800e-08 1.938e-06]
B:  [[ 6.22805611e-14 -3.38677355e-15  1.40040080e-14 -2.32464930e-16
   4.62925852e-15 -2.36072144e-15 -8.86172345e-15  1.61282565e-14
  -2.84168337e-15  5.85571142e-15]
 [-3.38677355e-15  9.91983968e-15  5.21042084e-16  3.60721443e-16
  -4.10821643e-15  3.80761523e-16  3.62725451e-15 -2.08416834e-15
  -1.22244489e-15 -2.62525050e-15]
 [ 1.40040080e-14  5.21042084e-16  2.48192385e-13  1.73146293e-15
  -1.35070140e-14  6.83767535e-15 -1.60561122e-14  2.92745491e-14
   7.45490982e-16  2.02805611e-15]
 [-2.32464930e-16  3.60721443e-16  1.73146293e-15  3.47735471e-14
   2.36472946e-15  6.33266533e-16  7.78356713e-15  5.09819639e-15
  -8.09619238e-16  2.23647295e-15]
 [ 4.62925852e-15 -4.10821643e-15 -1.35070140e-14  2.36472946e-15
   1.02104208e-13  4.38877756e-15  1.36472946e-14 -2.08416834e-15
  -1.22244489e-15  1.38276553e-15]
 [-2.36072144e-15  3.80761523e-16  6.83767535e-15  6.33266533e-16
   4.38877756e-15  3.66292585e-14  6.65731463e-15  1.07254509e-14
   5.04609218e-15  2.36072144e-15]
 [-8.86172345e-15  3.62725451e-15 -1.60561122e-14  7.78356713e-15
   1.36472946e-14  6.65731463e-15  2.46649299e-13  6.10821643e-15
   1.82004008e-14  8.86172345e-15]
 [ 1.61282565e-14 -2.08416834e-15  2.92745491e-14  5.09819639e-15
  -2.08416834e-15  1.07254509e-14  6.10821643e-15  1.63462926e-13
   1.50541082e-14 -6.10821643e-15]
 [-2.84168337e-15 -1.22244489e-15  7.45490982e-16 -8.09619238e-16
  -1.22244489e-15  5.04609218e-15  1.82004008e-14  1.50541082e-14
   7.20601202e-14  8.37675351e-16]
 [ 5.85571142e-15 -2.62525050e-15  2.02805611e-15  2.23647295e-15
   1.38276553e-15  2.36072144e-15  8.86172345e-15 -6.10821643e-15
   8.37675351e-16  6.22805611e-14]]
========= step after gamma:  1742.6036706734367
step:  [1080.96557841 1256.84550153  -54.07937944  511.46050935    7.25257594
 -109.38118776    2.41097243  -71.1747696    81.77088325   15.13085155]
======= OUTSIDE TRUST REGION =========
========= steplength:  10.0
========= trust_region:  10.0
step:  [ 6.20316367  7.21245756 -0.31033666  2.93503634  0.04161919 -0.62768827
  0.01383546 -0.40843923  0.46924544  0.08682899]
lam:  [2.062e-06 9.900e-07 4.520e-07 3.600e-08 3.990e-06 1.038e-06 5.620e-07
 2.192e-06 7.800e-08 1.938e-06]
new chi values:  [-47.88740367 -25.30637756   3.54565666 -21.37920634   2.85723081
   4.04352827  -1.55203546   1.91589923   1.68024456   1.63863101]


True
Iteration Number 7
gamma: 1e-05
READING FROM OBJ_GOAL
obj goal:  [8.17890042e-06 1.88089968e-06 4.89965663e-07 1.78251666e-06
 4.20432667e-06 3.98710376e-07 6.60202739e-07 2.60895669e-06
 3.40987476e-09 2.46632615e-06]
current chi values:  [-47.8874, -25.30638, 3.54566, -21.37921, 2.85723, 4.04353, -1.55204, 1.9159, 1.68024, 1.63863]
========= step before gamma:  200623419.65484354
step:  [ 1.73033289e+08  5.82902740e+07 -8.26947762e+06  8.18325845e+07
 -7.03898905e+06 -7.77094696e+06  7.49524294e+04  3.81805749e+05
  1.61937005e+06 -5.81518762e+06]
lam:  [2.038e-06 9.860e-07 4.060e-07 2.400e-08 4.036e-06 1.038e-06 5.260e-07
 2.212e-06 8.000e-08 1.924e-06]
B:  [[ 3.66292585e-14  5.33066132e-16  1.05931864e-14 -9.13827655e-16
   6.64529058e-15 -1.44689379e-15 -1.99198397e-15 -5.61122244e-17
  -1.04208417e-15  4.89779559e-15]
 [ 5.33066132e-16  1.38316633e-14  3.69138277e-15  3.36673347e-16
  -1.49899800e-15  5.33066132e-16  3.37074148e-15 -1.03406814e-15
  -8.81763527e-16  9.37875752e-16]
 [ 1.05931864e-14  3.69138277e-15  2.41647295e-13  2.56513026e-16
  -1.06372745e-14  6.58517034e-15  1.24689379e-14  2.39759519e-14
  -2.48496994e-15  2.86172345e-15]
 [-9.13827655e-16  3.36673347e-16  2.56513026e-16  2.34709419e-14
   3.14228457e-15 -9.13827655e-16  7.39078156e-15  8.92985972e-15
   8.01603206e-17  1.82765531e-15]
 [ 6.64529058e-15 -1.49899800e-15 -1.06372745e-14  3.14228457e-15
   1.67038076e-13  2.63727455e-15  1.30901804e-14  8.38476954e-15
  -4.88977956e-15  6.74949900e-15]
 [-1.44689379e-15  5.33066132e-16  6.58517034e-15 -9.13827655e-16
   2.63727455e-15  3.66292585e-14  8.02805611e-15  9.96392786e-15
   9.61923848e-16 -1.11422846e-15]
 [-1.99198397e-15  3.37074148e-15  1.24689379e-14  7.39078156e-15
   1.30901804e-14  8.02805611e-15  2.49823647e-13  1.85250501e-14
   1.59519038e-14  2.00160321e-14]
 [-5.61122244e-17 -1.03406814e-15  2.39759519e-14  8.92985972e-15
   8.38476954e-15  9.96392786e-15  1.85250501e-14  1.67390782e-13
   1.10621242e-14  2.11623246e-15]
 [-1.04208417e-15 -8.81763527e-16 -2.48496994e-15  8.01603206e-17
  -4.88977956e-15  9.61923848e-16  1.59519038e-14  1.10621242e-14
   7.37474950e-14  4.08817635e-15]
 [ 4.89779559e-15  9.37875752e-16  2.86172345e-15  1.82765531e-15
   6.74949900e-15 -1.11422846e-15  2.00160321e-14  2.11623246e-15
   4.08817635e-15  7.83807615e-14]]
========= step after gamma:  2006.2341965484356
step:  [ 1.73033289e+03  5.82902740e+02 -8.26947762e+01  8.18325845e+02
 -7.03898905e+01 -7.77094696e+01  7.49524294e-01  3.81805749e+00
  1.61937005e+01 -5.81518762e+01]
======= OUTSIDE TRUST REGION =========
========= steplength:  9.999999999999998
========= trust_region:  10.0
step:  [ 8.62478018e+00  2.90545710e+00 -4.12189047e-01  4.07891484e+00
 -3.50855800e-01 -3.87339971e-01  3.73597606e-03  1.90309660e-02
  8.07168999e-02 -2.89855872e-01]
lam:  [2.038e-06 9.860e-07 4.060e-07 2.400e-08 4.036e-06 1.038e-06 5.260e-07
 2.212e-06 8.000e-08 1.924e-06]
new chi values:  [-56.51218018 -28.2118371    3.95784905 -25.45812484   3.2080858
   4.43086997  -1.55577598   1.89686903   1.5995231    1.92848587]


True
Iteration Number 8
gamma: 1e-05
READING FROM OBJ_GOAL
obj goal:  [8.17890042e-06 1.88089968e-06 4.89965663e-07 1.78251666e-06
 4.20432667e-06 3.98710376e-07 6.60202739e-07 2.60895669e-06
 3.40987476e-09 2.46632615e-06]
current chi values:  [-56.51218, -28.21184, 3.95785, -25.45812, 3.20809, 4.43087, -1.55578, 1.89687, 1.59952, 1.92849]
========= step before gamma:  132820120.98757824
step:  [ 96986844.43383308  72064407.78261165  -7187200.34036663
  48528736.93241445 -10264638.77474367 -20629366.99285519
   2319742.92255937   -883042.74223293  -8918026.58242747
  -4258844.71866043]
lam:  [2.068e-06 9.880e-07 4.880e-07 3.600e-08 4.038e-06 1.054e-06 6.280e-07
 2.212e-06 8.000e-08 1.924e-06]
B:  [[ 6.75110220e-14  8.17635271e-16  1.68496994e-14  1.55511022e-15
   2.14589178e-14  4.33667335e-15 -4.71342685e-15  1.56152305e-14
   8.57715431e-15  9.18637275e-15]
 [ 8.17635271e-16  1.18797595e-14  3.86372745e-15  4.32865731e-16
   4.56913828e-16  6.49298597e-16 -2.46893788e-15 -1.45891784e-15
   9.61923848e-16  1.09018036e-15]
 [ 1.68496994e-14  3.86372745e-15  2.50356713e-13  4.44088176e-15
   1.34829659e-14  1.65130261e-15 -4.64929860e-16  2.65971944e-14
   1.49899800e-14 -9.13827655e-16]
 [ 1.55511022e-15  4.32865731e-16  4.44088176e-15  3.47735471e-14
   2.63727455e-15  4.06412826e-15  7.40681363e-15  2.37274549e-15
  -8.81763527e-16  7.37474950e-16]
 [ 2.14589178e-14  4.56913828e-16  1.34829659e-14  2.63727455e-15
   1.36829659e-13  2.19919840e-14  6.14829659e-15  2.80000000e-14
   1.09819639e-14  2.89378758e-15]
 [ 4.33667335e-15  6.49298597e-16  1.65130261e-15  4.06412826e-15
   2.19919840e-14  5.11863727e-14  8.81763527e-17  1.25771543e-14
   1.68336673e-15  1.04208417e-16]
 [-4.71342685e-15 -2.46893788e-15 -4.64929860e-16  7.40681363e-15
   6.14829659e-15  8.81763527e-17  2.34084168e-13 -1.13827655e-15
   1.77955912e-14  3.73547094e-15]
 [ 1.56152305e-14 -1.45891784e-15  2.65971944e-14  2.37274549e-15
   2.80000000e-14  1.25771543e-14 -1.13827655e-15  1.75406814e-13
   2.30861723e-14  6.12424850e-15]
 [ 8.57715431e-15  9.61923848e-16  1.49899800e-14 -8.81763527e-16
   1.09819639e-14  1.68336673e-15  1.77955912e-14  2.30861723e-14
   7.37474950e-14  1.01002004e-14]
 [ 9.18637275e-15  1.09018036e-15 -9.13827655e-16  7.37474950e-16
   2.89378758e-15  1.04208417e-16  3.73547094e-15  6.12424850e-15
   1.01002004e-14  8.23887776e-14]]
========= step after gamma:  1328.2012098757825
step:  [ 969.86844434  720.64407783  -71.8720034   485.28736932 -102.64638775
 -206.29366993   23.19742923   -8.83042742  -89.18026582  -42.58844719]
======= OUTSIDE TRUST REGION =========
========= steplength:  10.0
========= trust_region:  10.0
step:  [ 7.30211987  5.42571466 -0.54112286  3.65371877 -0.77282257 -1.55318086
  0.17465297 -0.06648411 -0.67143641 -0.32064756]
lam:  [2.068e-06 9.880e-07 4.880e-07 3.600e-08 4.038e-06 1.054e-06 6.280e-07
 2.212e-06 8.000e-08 1.924e-06]
new chi values:  [-63.81429987 -33.63755466   4.49897286 -29.11183877   3.98091257
   5.98405086  -1.73043297   1.96335411   2.27095641   2.24913756]


True
Iteration Number 9
gamma: 1e-05
READING FROM OBJ_GOAL
obj goal:  [8.17890042e-06 1.88089968e-06 4.89965663e-07 1.78251666e-06
 4.20432667e-06 3.98710376e-07 6.60202739e-07 2.60895669e-06
 3.40987476e-09 2.46632615e-06]
current chi values:  [-63.8143, -33.63755, 4.49897, -29.11184, 3.98091, 5.98405, -1.73043, 1.96335, 2.27096, 2.24914]
========= step before gamma:  105655391.59357236
step:  [ 87742231.23125756  28103703.44051144  -2884108.64289106
  48247692.24187763  -4320472.64280726 -14564166.35384379
  -3181296.59259526  -6803028.30322568  -6818157.96630595
  -2171646.69105449]
lam:  [2.076e-06 9.700e-07 4.140e-07 3.600e-08 4.028e-06 1.046e-06 6.180e-07
 2.230e-06 1.340e-07 1.956e-06]
B:  [[ 7.03647295e-14  2.28456914e-15  8.55310621e-15  3.27054108e-15
   5.88376754e-15  2.50901804e-15  9.05010020e-15  1.65531062e-14
   7.83166333e-15  5.35470942e-15]
 [ 2.28456914e-15  2.91583166e-14  4.42885772e-15 -9.21843687e-16
   2.84569138e-15 -2.62525050e-15  5.41082164e-16  6.91382766e-15
   4.02805611e-15  6.81362725e-16]
 [ 8.55310621e-15  4.42885772e-15  2.43090180e-13  7.11022044e-15
   8.42484970e-15  4.96593186e-15  2.01883768e-14  2.68336673e-14
   1.05450902e-14  6.22845691e-15]
 [ 3.27054108e-15 -9.21843687e-16  7.11022044e-15  3.47735471e-14
   7.00601202e-15  3.44689379e-16  5.76352705e-15  7.73547094e-15
   7.19038076e-15  7.59919840e-15]
 [ 5.88376754e-15  2.84569138e-15  8.42484970e-15  7.00601202e-15
   1.27470942e-13  1.07334669e-14  6.97394790e-16 -4.40881764e-16
   4.25651303e-15 -7.69539078e-16]
 [ 2.50901804e-15 -2.62525050e-15  4.96593186e-15  3.44689379e-16
   1.07334669e-14  4.39719439e-14  1.57515030e-15  7.43486974e-15
   7.85170341e-15  2.40480962e-17]
 [ 9.05010020e-15  5.41082164e-16  2.01883768e-14  5.76352705e-15
   6.97394790e-16  1.57515030e-15  2.36549098e-13  5.87174349e-15
   1.92264529e-14  1.72264529e-14]
 [ 1.65531062e-14  6.91382766e-15  2.68336673e-14  7.73547094e-15
  -4.40881764e-16  7.43486974e-15  5.87174349e-15  1.77454910e-13
   3.32464930e-14  2.12424850e-15]
 [ 7.83166333e-15  4.02805611e-15  1.05450902e-14  7.19038076e-15
   4.25651303e-15  7.85170341e-15  1.92264529e-14  3.32464930e-14
   1.16276553e-13  1.59278557e-14]
 [ 5.35470942e-15  6.81362725e-16  6.22845691e-15  7.59919840e-15
  -7.69539078e-16  2.40480962e-17  1.72264529e-14  2.12424850e-15
   1.59278557e-14  7.02044088e-14]]
========= step after gamma:  1056.5539159357236
step:  [ 877.42231231  281.03703441  -28.84108643  482.47692242  -43.20472643
 -145.64166354  -31.81296593  -68.03028303  -68.18157966  -21.71646691]
======= OUTSIDE TRUST REGION =========
========= steplength:  10.0
========= trust_region:  10.0
step:  [ 8.30456732  2.6599403  -0.27297316  4.56651492 -0.40892117 -1.37845936
 -0.30110121 -0.64388842 -0.6453204  -0.20554055]
lam:  [2.076e-06 9.700e-07 4.140e-07 3.600e-08 4.028e-06 1.046e-06 6.180e-07
 2.230e-06 1.340e-07 1.956e-06]
new chi values:  [-72.11886732 -36.2974903    4.77194316 -33.67835492   4.38983117
   7.36250936  -1.42932879   2.60723842   2.9162804    2.45468055]


True
Iteration Number 10
gamma: 1e-05
READING FROM OBJ_GOAL
obj goal:  [8.17890042e-06 1.88089968e-06 4.89965663e-07 1.78251666e-06
 4.20432667e-06 3.98710376e-07 6.60202739e-07 2.60895669e-06
 3.40987476e-09 2.46632615e-06]
current chi values:  [-72.11887, -36.29749, 4.77194, -33.67835, 4.38983, 7.36251, -1.42933, 2.60724, 2.91628, 2.45468]
========= step before gamma:  93325448.31277366
step:  [ 7.96077220e+07  2.54071746e+07 -6.90745759e+06  3.92521476e+07
 -4.83669006e+06 -7.26318910e+06 -3.71051320e+04  2.91564653e+06
  2.98499788e+06  6.68739516e+06]
lam:  [2.082e-06 9.920e-07 4.920e-07 4.000e-08 4.058e-06 1.034e-06 5.140e-07
 2.180e-06 8.800e-08 1.934e-06]
B:  [[ 7.54268537e-14  4.66533066e-15  1.56873747e-14  2.72545090e-15
   7.25851703e-15 -2.79358717e-15 -2.15230461e-15  3.24649299e-15
  -5.22645291e-15 -5.89178357e-16]
 [ 4.66533066e-15  1.99759519e-14  7.95190381e-15  3.20641283e-16
   2.46893788e-15 -3.73547094e-15  4.12024048e-15 -2.56513026e-15
   2.70941884e-15  5.48296593e-15]
 [ 1.56873747e-14  7.95190381e-15  2.50436874e-13  2.32464930e-15
  -4.54509018e-15 -7.29458918e-16  3.11823647e-15  2.54909820e-14
   4.71342685e-15  1.04929860e-14]
 [ 2.72545090e-15  3.20641283e-16  2.32464930e-15  3.84769539e-14
  -2.32464930e-15 -1.36272545e-15  5.45090180e-15 -1.20240481e-15
   4.80961924e-16  6.41282565e-16]
 [ 7.25851703e-15  2.46893788e-15 -4.54509018e-15 -2.32464930e-15
   9.48256513e-14  8.04408818e-15  1.02084168e-14  9.57915832e-15
   8.97795591e-16  7.84368737e-15]
 [-2.79358717e-15 -3.73547094e-15 -7.29458918e-16 -1.36272545e-15
   8.04408818e-15  3.29098196e-14  4.53306613e-15  3.88777555e-15
   3.01402806e-15 -1.75951904e-15]
 [-2.15230461e-15  4.12024048e-15  3.11823647e-15  5.45090180e-15
   1.02084168e-14  4.53306613e-15  2.50304609e-13 -5.21042084e-16
   6.78156313e-15  1.39519038e-14]
 [ 3.24649299e-15 -2.56513026e-15  2.54909820e-14 -1.20240481e-15
   9.57915832e-15  3.88777555e-15 -5.21042084e-16  1.51903808e-13
   8.17635271e-15  9.89979960e-15]
 [-5.22645291e-15  2.70941884e-15  4.71342685e-15  4.80961924e-16
   8.97795591e-16  3.01402806e-15  6.78156313e-15  8.17635271e-15
   8.04168337e-14  5.81963928e-15]
 [-5.89178357e-16  5.48296593e-15  1.04929860e-14  6.41282565e-16
   7.84368737e-15 -1.75951904e-15  1.39519038e-14  9.89979960e-15
   5.81963928e-15  6.97835671e-14]]
========= step after gamma:  933.2544831277369
step:  [ 7.96077220e+02  2.54071746e+02 -6.90745759e+01  3.92521476e+02
 -4.83669006e+01 -7.26318910e+01 -3.71051320e-01  2.91564653e+01
  2.98499788e+01  6.68739516e+01]
======= OUTSIDE TRUST REGION =========
========= steplength:  10.0
========= trust_region:  10.0
step:  [ 8.53011943e+00  2.72242727e+00 -7.40147271e-01  4.20594257e+00
 -5.18260576e-01 -7.78264582e-01 -3.97588575e-03  3.12417093e-01
  3.19848223e-01  7.16567162e-01]
lam:  [2.082e-06 9.920e-07 4.920e-07 4.000e-08 4.058e-06 1.034e-06 5.140e-07
 2.180e-06 8.800e-08 1.934e-06]
new chi values:  [-80.64898943 -39.01991727   5.51208727 -37.88429257   4.90809058
   8.14077458  -1.42535411   2.29482291   2.59643178   1.73811284]


True
Iteration Number 11
gamma: 1e-05
READING FROM OBJ_GOAL
obj goal:  [8.17890042e-06 1.88089968e-06 4.89965663e-07 1.78251666e-06
 4.20432667e-06 3.98710376e-07 6.60202739e-07 2.60895669e-06
 3.40987476e-09 2.46632615e-06]
current chi values:  [-80.64899, -39.01992, 5.51209, -37.88429, 4.90809, 8.14077, -1.42535, 2.29482, 2.59643, 1.73811]
========= step before gamma:  101803080.7020053
step:  [ 87179689.2169732   12539257.21906221  -5909679.89665365
  47812113.90221719  -5799183.52695711 -11915054.08910105
  -4982205.2996249    -773610.56613556   -263814.74143365
   9182811.10916942]
lam:  [2.074e-06 9.920e-07 4.320e-07 3.000e-08 4.004e-06 1.040e-06 5.700e-07
 2.190e-06 8.600e-08 1.968e-06]
B:  [[ 7.26693387e-14  4.60120240e-15  1.60641283e-14 -2.22444890e-15
   9.72344689e-15  1.04208417e-15  9.83967936e-15  1.19639279e-14
  -3.64729459e-16  4.37675351e-15]
 [ 4.60120240e-15  2.39839679e-14  3.46292585e-15  4.24849699e-15
   2.03607214e-15 -1.68336673e-15 -3.44689379e-15  1.52304609e-15
  -3.31863727e-15 -2.26052104e-15]
 [ 1.60641283e-14  3.46292585e-15  2.45867735e-13  3.04609218e-15
   2.27655311e-15  2.72545090e-15 -4.24849699e-15  2.19639279e-14
  -5.16232465e-15 -4.18436874e-15]
 [-2.22444890e-15  4.24849699e-15  3.04609218e-15  4.11823647e-14
  -1.20240481e-16 -3.20641283e-15  1.09218437e-14 -5.71142285e-15
   1.42284569e-15 -5.05010020e-15]
 [ 9.72344689e-15  2.03607214e-15  2.27655311e-15 -1.20240481e-16
   1.00184369e-13  5.85170341e-15  7.73547094e-15  3.24649299e-15
  -3.44689379e-16  4.13627255e-15]
 [ 1.04208417e-15 -1.68336673e-15  2.72545090e-15 -3.20641283e-15
   5.85170341e-15  3.84769539e-14  7.21442886e-15  8.41683367e-15
   5.61122244e-16 -7.21442886e-16]
 [ 9.83967936e-15 -3.44689379e-15 -4.24849699e-15  1.09218437e-14
   7.73547094e-15  7.21442886e-15  2.45591182e-13  7.71543086e-15
   2.10220441e-14  1.02605210e-14]
 [ 1.19639279e-14  1.52304609e-15  2.19639279e-14 -5.71142285e-15
   3.24649299e-15  8.41683367e-15  7.71543086e-15  1.54208417e-13
   3.66733467e-15  4.08817635e-15]
 [-3.64729459e-16 -3.31863727e-15 -5.16232465e-15  1.42284569e-15
  -3.44689379e-16  5.61122244e-16  2.10220441e-14  3.66733467e-15
   7.87615230e-14  2.75751503e-15]
 [ 4.37675351e-15 -2.26052104e-15 -4.18436874e-15 -5.05010020e-15
   4.13627255e-15 -7.21442886e-16  1.02605210e-14  4.08817635e-15
   2.75751503e-15  4.70701403e-14]]
========= step after gamma:  1018.0308070200532
step:  [ 871.79689217  125.39257219  -59.09679897  478.12113902  -57.99183527
 -119.15054089  -49.822053     -7.73610566   -2.63814741   91.82811109]
======= OUTSIDE TRUST REGION =========
========= steplength:  9.999999999999998
========= trust_region:  10.0
step:  [ 8.56356101  1.23171687 -0.58050109  4.69652918 -0.56964715 -1.17040211
 -0.48939632 -0.07599088 -0.02591422  0.90201702]
lam:  [2.074e-06 9.920e-07 4.320e-07 3.000e-08 4.004e-06 1.040e-06 5.700e-07
 2.190e-06 8.600e-08 1.968e-06]
new chi values:  [-89.21255101 -40.25163687   6.09259109 -42.58081918   5.47773715
   9.31117211  -0.93595368   2.37081088   2.62234422   0.83609298]


True
Iteration Number 12
gamma: 1e-05
READING FROM OBJ_GOAL
obj goal:  [8.17890042e-06 1.88089968e-06 4.89965663e-07 1.78251666e-06
 4.20432667e-06 3.98710376e-07 6.60202739e-07 2.60895669e-06
 3.40987476e-09 2.46632615e-06]
current chi values:  [-89.21255, -40.25164, 6.09259, -42.58082, 5.47774, 9.31117, -0.93595, 2.37081, 2.62234, 0.83609]
========= step before gamma:  93073088.61003113
step:  [ 5.45788014e+07  6.36063583e+07 -4.80211068e+06  3.17873087e+07
 -5.77220995e+06 -2.11533597e+07 -5.05881446e+06  5.78830707e+06
 -4.27824056e+04  8.03811098e+06]
lam:  [2.122e-06 9.980e-07 4.940e-07 5.600e-08 3.990e-06 1.024e-06 5.780e-07
 2.202e-06 9.800e-08 1.958e-06]
B:  [[ 1.11338677e-13  2.44488978e-16  2.17755511e-14  3.17434870e-15
   1.92585170e-14 -2.93386774e-15  1.95230461e-14  7.37074148e-15
   4.40881764e-17  9.14228457e-15]
 [ 2.44488978e-16  1.40240481e-14  9.89979960e-16  1.12224449e-16
  -4.02805611e-15  4.80961924e-17  1.15831663e-15 -3.60320641e-15
   1.96392786e-16 -2.08817635e-15]
 [ 2.17755511e-14  9.89979960e-16  2.50464930e-13  3.36673347e-16
   1.49699399e-14  4.15230461e-15  2.85250501e-14  4.02925852e-14
   5.59919840e-15  2.75350701e-15]
 [ 3.17434870e-15  1.12224449e-16  3.36673347e-16  5.29699399e-14
   2.56513026e-15  6.57314629e-16  1.16553106e-14 -3.31863727e-15
  -5.49899800e-15 -3.65531062e-15]
 [ 1.92585170e-14 -4.02805611e-15  1.49699399e-14  2.56513026e-15
   1.10120240e-13  6.25250501e-15  1.58116232e-14  2.00601202e-14
   9.81963928e-16  1.76152305e-14]
 [-2.93386774e-15  4.80961924e-17  4.15230461e-15  6.57314629e-16
   6.25250501e-15  2.34709419e-14  4.13627255e-15  1.31783567e-14
   1.65130261e-15  1.01002004e-15]
 [ 1.95230461e-14  1.15831663e-15  2.85250501e-14  1.16553106e-14
   1.58116232e-14  4.13627255e-15  2.48412826e-13  5.25450902e-15
   1.13787575e-14  1.43046092e-14]
 [ 7.37074148e-15 -3.60320641e-15  4.02925852e-14 -3.31863727e-15
   2.00601202e-14  1.31783567e-14  5.25450902e-15  1.61519038e-13
   2.22484970e-14  2.48897796e-15]
 [ 4.40881764e-17  1.96392786e-16  5.59919840e-15 -5.49899800e-15
   9.81963928e-16  1.65130261e-15  1.13787575e-14  2.22484970e-14
   8.85731463e-14  8.13226453e-15]
 [ 9.14228457e-15 -2.08817635e-15  2.75350701e-15 -3.65531062e-15
   1.76152305e-14  1.01002004e-15  1.43046092e-14  2.48897796e-15
   8.13226453e-15  5.63486974e-14]]
========= step after gamma:  930.7308861003112
step:  [ 5.45788014e+02  6.36063583e+02 -4.80211068e+01  3.17873087e+02
 -5.77220995e+01 -2.11533597e+02 -5.05881446e+01  5.78830707e+01
 -4.27824056e-01  8.03811098e+01]
======= OUTSIDE TRUST REGION =========
========= steplength:  10.000000000000002
========= trust_region:  10.0
step:  [ 5.86407974e+00  6.83402251e+00 -5.15950502e-01  3.41530609e+00
 -6.20180338e-01 -2.27276864e+00 -5.43531383e-01  6.21909852e-01
 -4.59664617e-03  8.63634279e-01]
lam:  [2.122e-06 9.980e-07 4.940e-07 5.600e-08 3.990e-06 1.024e-06 5.780e-07
 2.202e-06 9.800e-08 1.958e-06]
new chi values:  [-9.50766297e+01 -4.70856625e+01  6.60854050e+00 -4.59961261e+01
  6.09792034e+00  1.15839386e+01 -3.92418617e-01  1.74890015e+00
  2.62693665e+00 -2.75442793e-02]


True
Iteration Number 13
gamma: 1e-05
READING FROM OBJ_GOAL
obj goal:  [8.17890042e-06 1.88089968e-06 4.89965663e-07 1.78251666e-06
 4.20432667e-06 3.98710376e-07 6.60202739e-07 2.60895669e-06
 3.40987476e-09 2.46632615e-06]
current chi values:  [-95.07663, -47.08566, 6.60854, -45.99613, 6.09792, 11.58394, -0.39242, 1.7489, 2.62694, -0.02754]
========= step before gamma:  68181441.34043398
step:  [ 48920900.47619655  26921410.51868845  -6035889.30820527
  31860009.3619539      77042.87406063 -19718014.0204733
  -4878598.43133313   3430838.69408956  -2061886.76383308
   7111341.14739999]
lam:  [2.134e-06 1.010e-06 5.240e-07 5.800e-08 4.042e-06 1.054e-06 5.380e-07
 2.228e-06 8.400e-08 1.932e-06]
B:  [[ 1.20284569e-13  8.67735471e-15  2.18276553e-14  4.23647295e-15
   4.38076152e-15  2.76953908e-15  1.19318637e-14  7.46292585e-15
  -1.25851703e-15  1.11422846e-15]
 [ 8.67735471e-15  2.19438878e-14  4.76953908e-15 -5.81162325e-16
   1.58316633e-15  5.47094188e-15  2.62525050e-15  3.72745491e-15
  -2.84569138e-15  6.81362725e-16]
 [ 2.18276553e-14  4.76953908e-15  2.49923848e-13  1.16312625e-14
   1.99599198e-15  3.71142285e-15  8.10420842e-15  1.25531062e-14
  -4.02404810e-15 -4.37675351e-15]
 [ 4.23647295e-15 -5.81162325e-16  1.16312625e-14  5.47454910e-14
  -4.36873747e-16  8.69739479e-16  2.28416834e-14  7.77555110e-16
   7.14228457e-15 -5.61122244e-17]
 [ 4.38076152e-15  1.58316633e-15  1.99599198e-15 -4.36873747e-16
   9.24208417e-14  3.73947896e-15  1.40681363e-15 -9.59519038e-15
  -1.53106212e-15  4.86573146e-15]
 [ 2.76953908e-15  5.47094188e-15  3.71142285e-15  8.69739479e-16
   3.73947896e-15  5.11863727e-14  4.95791583e-15  2.77434870e-14
   1.46693387e-15 -3.28657315e-16]
 [ 1.19318637e-14  2.62525050e-15  8.10420842e-15  2.28416834e-14
   1.40681363e-15  4.95791583e-15  2.49054108e-13  1.53667335e-14
   1.28336673e-14  1.06052104e-14]
 [ 7.46292585e-15  3.72745491e-15  1.25531062e-14  7.77555110e-16
  -9.59519038e-15  2.77434870e-14  1.53667335e-14  1.76368737e-13
   1.28737475e-14  1.50701403e-15]
 [-1.25851703e-15 -2.84569138e-15 -4.02404810e-15  7.14228457e-15
  -1.53106212e-15  1.46693387e-15  1.28336673e-14  1.28737475e-14
   7.70981964e-14  1.71543086e-15]
 [ 1.11422846e-15  6.81362725e-16 -4.37675351e-15 -5.61122244e-17
   4.86573146e-15 -3.28657315e-16  1.06052104e-14  1.50701403e-15
   1.71543086e-15  6.75110220e-14]]
========= step after gamma:  681.81441340434
step:  [ 489.20900476  269.21410519  -60.35889308  318.60009362    0.77042874
 -197.1801402   -48.78598431   34.30838694  -20.61886764   71.11341147]
======= OUTSIDE TRUST REGION =========
========= steplength:  10.0
========= trust_region:  10.0
step:  [ 7.17510506  3.94849537 -0.88526866  4.6728272   0.01129968 -2.89199137
 -0.71553172  0.50319246 -0.30241173  1.04300247]
lam:  [2.134e-06 1.010e-06 5.240e-07 5.800e-08 4.042e-06 1.054e-06 5.380e-07
 2.228e-06 8.400e-08 1.932e-06]
new chi values:  [-102.25173506  -51.03415537    7.49380866  -50.6689572     6.08662032
   14.47593137    0.32311172    1.24570754    2.92935173   -1.07054247]


True
Iteration Number 14
gamma: 1e-05
READING FROM OBJ_GOAL
